0 0.0006195984374999999 0.9734375 0.0008329718749999999 0.9734375 0.0375 0.9496651015625 0.0375 0.9495659218749999 0.0361382515625 0.9491203640625001 0.0006195984374999999 0.9734375
0 0.21074617187500003 1 0.215625 0.964341709375 0.215625 0.9494854343749999 0.2027647734375 0.9469033671875 0.19837729843750002 0.9503326390625 0.191799059375 0.9536582499999999 0.17290919531249999 0.9567545859375001 0.15741355625 0.9573319515625001 0.1482561359375 0.9565382250000001 0.136967928125 0.955152209375 0.131837965625 0.953860996875 0.12112682500000001 0.9495698453125 0.11753933750000001 0.9464840453125 0.113143534375 0.942802978125 0.11326934375 0.9381891109374999 0.0536262625 0.9340071859375 0.0488104828125 0.9337465421875001 0.047482196875 0.93738610625 0.043890778125 0.9738143296875 0.042131234375 0.97558226875 0.0390521203125 0.97553486875 0.036664210937500004 0.9752416703125 0.034887817187499996 0.9735576187499999 0.039347548437500005 0.937236021875 0.0384621359375 0.935473978125 0 0.9659154703124999 0 0.9871097890625 0.10540245781249999 1 0.21074617187500003 1
0 0.24989234843750002 0.938687625 0.2275395015625 0.93659520625 0.2222676125 0.9984375 0.22271346250000001 0.9984375 0.24983853125 0.9551339640625001 0.24989234843750002 0.938687625
0 0.24447779218750001 0.8694411765625001 0.2576626390625 0.9359880015625001 0.262003471875 0.9368761703124999 0.26462220468750003 0.9388249515625 0.26494283125 0.94350125 0.26282941718749997 0.948720625 0.26140957343750004 0.9503636343749999 0.26813010312499996 0.9821878390625001 0.2665053859375 0.9838632984375 0.263456725 0.9845037265625001 0.25953907656249997 0.9844882671875 0.25528888125 0.9682633546874999 0.24596852187499998 0.9984375 0.29037116093750004 0.9984375 0.2916988 0.9982179640625001 0.3125 0.9121083984375 0.3125 0.9013029124999999 0.30837100781250004 0.85743729375 0.24447779218750001 0.8694411765625001
0 0.30336217187500003 1 0.3171875 0.995656075 0.3171875 0.988579065625 0.302829540625 0.9265625 0.30263544375 0.9265625 0.2959762796875 1 0.30336217187500003 1
0 0.45755395468750004 1 0.584375 0.990959740625 0.584375 0.98549560625 0.562143078125 0.9182514109375 0.5668374593750001 0.9645699999999999 0.5652906765625 0.9662382515625 0.5628293890625 0.9667223828125 0.5588762890625001 0.966686790625 0.5579508953125 0.9653474234375 0.557440034375 0.9610148703125001 0.5515999593750001 0.9131800812499999 0.5202687984375001 0.9141228874999999 0.5226744937500001 0.9187909609375 0.52405646875 0.9236866328125 0.5235110390625 0.9277810140625 0.520820496875 0.9309333421874999 0.5179121578125 0.933944878125 0.508861475 0.9383219953124999 0.49483395625000004 0.9428911187500001 0.47856358125 0.9451209140625 0.46363305 0.9456969296875 0.45206811093750005 0.9438534703125001 0.4435417828125 0.940861471875 0.43752015 0.93800634375 0.43352424687499996 0.934385525 0.43281730312500005 0.9302227046875 0.4324807625 0.9254099468750001 0.4341041921875 0.921864209375 0.43508448906249997 0.9210156125 0.3507597578125 0.9312804375000001 0.351313896875 0.986781078125 0.3498147671875 0.98922605625 0.3450231390625 0.9890930890625 0.3424315609375 0.9877142187500001 0.34196410781250003 0.9840026749999999 0.341798184375 0.9459479515625 0.3407445390625 0.9596306859375 0.33503561875 1 0.45755395468750004 1
0 1 0.8933638687500001 0.98175951875 0.8366569546875 0.9663918406249999 0.8409384531249999 0.9669585578125 0.8796633 0.9576443859375001 0.879856921875 0.955705409375 0.7971468546875 0.5853128562500001 0.92344755625 0.6141371765625 1 0.809044809375 1 1 0.9379548984375001 1 0.8933638687500001
0 0.9984375 0.890625 0.9984375 0.851246953125 0.9845004078124999 0.890625 0.9984375 0.890625
0 0.5446755390625 0.8660974265625001 0.559950909375 0.9198912359375001 0.5650110984375 0.9192281234375 0.567532834375 0.9219191328124999 0.609375 0.9925482203125 0.609375 0.985707990625 0.56302874375 0.858605375 0.5446755390625 0.8660974265625001
0 0.4862885078125 0.865004675 0.49723949687499996 0.9125 0.501393946875 0.9125 0.5046776937499999 0.91179921875 0.51196101875 0.9118045296874999 0.5168369671875 0.9125 0.5298378593749999 0.9125 0.5578125 0.90656755625 0.5578125 0.9014883890625001 0.5442681765625 0.8522342281249999 0.4862885078125 0.865004675
0 0.350590503125 0.8841455921874999 0.3669844015625 0.9359375 0.37151754531250003 0.9359375 0.4512111703125 0.9012254015625001 0.4541185203125 0.8965940515625 0.458601528125 0.8932507328125 0.4659115984375 0.8888221968750001 0.4703125 0.886233365625 0.4703125 0.8834822093750001 0.4535672703125 0.8416420046875001 0.350590503125 0.8841455921874999
0 0.3266711203125 0.890699559375 0.3256152796875 0.9984375 0.3262618234375 0.9984375 0.3366978765625 0.926004778125 0.338099615625 0.9211084062499999 0.340625 0.92012071875 0.340625 0.8631075015624999 0.33669499687500004 0.8636076578124999 0.3266711203125 0.890699559375
0 0.32748957343749996 0.88125 0.3281269765625 0.88125 0.3390625 0.8671613859375 0.3390625 0.865885328125 0.333354515625 0.8649678281250001 0.32748957343749996 0.88125
0 0.0000440671875 0.8700348328124999 0.0000440671875 0.9179202906249999 0.015689859375 0.971875 0.0173237359375 0.971875 0.036389890625 0.9383124593750001 0.038378329687500004 0.9353527500000001 0.040625 0.9322739296875 0.040625 0.931650084375 0.020460065625000003 0.8641265078125 0.0000440671875 0.8700348328124999
0 0.037891443749999996 0.9216533531250001 0.0949005859375 0.934375 0.10304286562500001 0.934375 0.10333286718750001 0.93399429375 0.105966534375 0.9304014734375 0.113588365625 0.9286825359374999 0.1190714171875 0.9269278296874999 0.12606757500000002 0.9266531921875 0.133286459375 0.9264382234375 0.1406832546875 0.9264500375000001 0.1515625 0.8833984890625001 0.1515625 0.879236165625 0.056736415625 0.855777390625 0.037891443749999996 0.9216533531250001
0 0.20921367812499997 0.8616292140624999 0.19733311250000002 0.8647370203125 0.199590575 0.8775163484374999 0.19635276875000002 0.880656540625 0.1900843859375 0.8823499953124999 0.18477650625 0.8812639328125 0.182850390625 0.866155065625 0.164967225 0.8691233953124999 0.17278395156249998 0.9155284140625 0.179025253125 0.9136640999999999 0.1840625171875 0.913041440625 0.20023664062500002 0.914022121875 0.20804279218750002 0.9185267328125001 0.2110127984375 0.9245764218750001 0.2098502 0.928125 0.2171875 0.928125 0.2171875 0.918144009375 0.20921367812499997 0.8616292140624999
0 0.2192954828125 0.9294607921875 0.226822240625 0.93125 0.240894890625 0.93125 0.25 0.873324671875 0.25 0.8661619281249999 0.23542520625000002 0.86355748125 0.2192954828125 0.9294607921875