0 0.0015416984375 0.975 0.001711434375 0.975 0.0359375 0.9473271546875001 0.0359375 0.947147640625 0.0346074890625 0.9468620765625 0.0015416984375 0.975
0 0 0.9529867015625 0.097592375 0.9984375 0.21107294531249998 0.9984375 0.2171875 0.9857838234375 0.2171875 0.9841744140625 0.20460737343750002 0.9770995078125001 0.19937493281250002 0.9790051343749999 0.19209098593750001 0.9801351921875 0.17316883593750002 0.9772426937500001 0.1582531921875 0.973003384375 0.1497892421875 0.9694187078125 0.139481821875 0.9646122796875 0.13500194375000002 0.9617990187500001 0.12614108125 0.954407965625 0.12368274374999999 0.9503646 0.12063959843750001 0.9455053187500001 0.1221850140625 0.9411561484375 0.066753359375 0.9187481765625 0.0622538234375 0.9170121328124999 0.0598658625 0.9200630999999999 0.0451932796875 0.9535985890625 0.04297353125 0.9547362703125 0.0400597671875 0.9537396921875001 0.037879334375000004 0.9527229390624999 0.0367102828125 0.9505723749999999 0.052175729687500005 0.9174066156249999 0.0518781546875 0.9154572062499999 0.005391353125 0.9327089609374999 0 0.944698434375 0 0.9529867015625
0 0.2194503875 0.996875 0.250204171875 0.95615625 0.2515625 0.9411945328125 0.2515625 0.939753690625 0.2306624859375 0.9359375 0.229572175 0.9359375 0.2189669796875 0.996875 0.2194503875 0.996875
0 0.25697035 0.9306412843749999 0.26089821406249997 0.9326915437500001 0.26287834375 0.9352866531249999 0.2618975875 0.9398701765625 0.2584273890625 0.944304825 0.25660967343749996 0.945492825 0.2542979203125 0.97793664375 0.2522743234375 0.9790993640625001 0.24916723749999997 0.978874659375 0.24540561093750002 0.9777799484375 0.2457922515625 0.9610120484375001 0.22408563906249998 0.994227290625 0.2604143359375 0.9984375 0.27333245625 0.9984375 0.3178042046875 0.9200912375 0.3265625 0.8733940140625001 0.3265625 0.8690352484374999 0.2626390515625 0.8630381343750001 0.25697035 0.9306412843749999
0 0.30336217187500003 1 0.3171875 0.995656075 0.3171875 0.988579065625 0.302829540625 0.9265625 0.30263544375 0.9265625 0.2959762796875 1 0.30336217187500003 1
0 0.567737653125 1 0.56875 0.9659975953125001 0.56875 0.9577812140624999 0.5580569343749999 1 0.567737653125 1
0 0.5330473921875 0.9433551390625 0.5326716046875 0.9484282296875 0.53075870625 0.9520891421875 0.5271522656250001 0.9541311421875 0.523389315625 0.95596635 0.5133873921875 0.956983978125 0.49864310312500004 0.95647985625 0.48259131875000005 0.9530103828125001 0.4683642 0.9484451171874999 0.4581272109375 0.9427573890625001 0.45113840781250003 0.9370296546875 0.4464564359375 0.93228719375 0.4439399078125 0.92751805625 0.444699365625 0.9233644968749999 0.44602918125 0.918726878125 0.44876742031249994 0.915950221875 0.4499788359375 0.9154880828125 0.3672287296875 0.8962931062499999 0.3487671140625 0.9486361750000001 0.3465221609375 0.9504209703125 0.3420649796875 0.9486571890625 0.3401012953125 0.9464751031249999 0.3409314546875 0.9428275125000001 0.3537910203125 0.9070110218749999 0.348121146875 0.9195082171875001 0.324759521875 0.9633541015624999 0.44773623437500004 0.9984375 0.5504457359375 0.9984375 0.5512748859375 0.9949231515625 0.5609375 0.9532003437500001 0.5609375 0.9475761234375 0.5323833515625 0.938145790625 0.5330473921875 0.9433551390625
0 0.9839374015625 0.8972161515625 0.972509746875 0.9342207953124999 0.9635916078125 0.9315267031250001 0.9873063500000001 0.852265578125 0.5960130343750001 0.8579270890625 0.6024743781249999 0.9984375 0.9984375 0.9984375 0.9984375 0.897831984375 0.9839374015625 0.8972161515625
0 0.9939883359374999 0.8481292359375001 0.9889759921874999 0.8921875 0.992818484375 0.8921875 0.9984375 0.8912722359374999 0.9984375 0.8677835953124999 0.994046915625 0.8481292359375001 0.9939883359374999 0.8481292359375001
0 0.56950625 0.910396003125 0.57394656875 0.9129117140625 0.5743410265625 0.91657846875 0.5652218437500001 0.9984375 0.5676192796875 0.9984375 0.6078125 0.8666942828125 0.6078125 0.86302999375 0.5896807203125001 0.8582414078125 0.56950625 0.910396003125
0 0.5075482703125 0.846692628125 0.4858690375 0.8911097046875 0.49247099062500005 0.894466790625 0.498127853125 0.8990544625 0.504059425 0.9054415062500001 0.5064686578125001 0.9082362375 0.5362681609375 0.9234375 0.538702775 0.9234375 0.559375 0.8761754421875001 0.559375 0.8724162828124999 0.5079579109375 0.846692628125 0.5075482703125 0.846692628125
0 0.351185646875 0.8805696015625 0.3647591984375 0.9328125 0.3709037328125 0.9328125 0.45077453125 0.9028920828125001 0.4539202828125 0.8984192375 0.45857212187499996 0.8953151234375 0.46610394531250005 0.8912752359375 0.4703125 0.889087559375 0.4703125 0.8848056015625 0.45624575624999997 0.8435136515625 0.351185646875 0.8805696015625
0 0.3332462421875 1 0.33610759375 0.9254732984375 0.33698984374999996 0.920457228125 0.3390625 0.9193846703125 0.3390625 0.9089713406250001 0.333542125 0.8625 0.33348146875 0.8625 0.3295824546875 0.863418296875 0.32244536562500004 0.8914095671875 0.3327838359375 1 0.3332462421875 1
0 0.3308781984375 0.8828125 0.3317228171875 0.8828125 0.334375 0.86571690625 0.334375 0.864584934375 0.3282850953125 0.8667856531250001 0.3308781984375 0.8828125
0 0.0003877109375 0.8701513890625 0.0003877109375 0.9188366531250001 0.0182843953125 0.9703125 0.0212222046875 0.9703125 0.0377523203125 0.937302578125 0.0395831359375 0.9342428578125 0.040625 0.9326457937500001 0.040625 0.9276013390625 0.017961734375 0.864051996875 0.0003877109375 0.8701513890625
0 0.040415520312499995 0.8797303296875001 0.054398390625 0.9453125 0.0598877421875 0.9453125 0.11788560781249999 0.9293149078124999 0.11827835625000001 0.926916046875 0.11891701875 0.9225073437500001 0.12483970625 0.9174113796875 0.1288571671875 0.913287928125 0.13490547343749998 0.9097609421874999 0.14117845 0.9061820734375001 0.146875 0.903164825 0.146875 0.8993048 0.136144253125 0.85567653125 0.040415520312499995 0.8797303296875001
0 0.20246482656250003 0.8587450515624999 0.1913044171875 0.8638686828125 0.19574669218750002 0.8760618593749999 0.1931033625 0.8797165843749999 0.1872242765625 0.882472803125 0.18180844375 0.8823249453124999 0.1772879625 0.8677800828125 0.1601919265625 0.87380869375 0.175948046875 0.9181513578124999 0.1817707953125 0.9152315765625 0.18662340625 0.9137436640625 0.20272210156249998 0.9119008390625 0.211191878125 0.914981490625 0.21516728281250003 0.9204235374999999 0.2147361828125 0.9234375 0.221875 0.9234375 0.221875 0.9183736218749999 0.20246482656250003 0.8587450515624999
0 0.2546875 0.9295212828125001 0.2546875 0.9269533484375 0.2351880578125 0.86343905 0.2198765203125 0.867791540625 0.2342693328125 0.9340958515625 0.2546875 0.9295212828125001