0 0 0.9797241890624999 0.034403007812500004 0.9453732328125 0.032872018749999996 0.945209134375 0 0.9797241890624999
0 0.0002840578125 1 0.21352750625 0.9998971843750001 0.21440230468750002 0.9365298734374999 0.1993112859375 0.935381171875 0.1953744375 0.93931958125 0.189250521875 0.9434220906249999 0.1708788078125 0.9487974421875001 0.155569034375 0.9512589468750001 0.146383140625 0.9515871468749999 0.1350101609375 0.9515871468749999 0.12976107812499998 0.9509307453125 0.118606815625 0.9479769390625 0.1146700046875 0.94535134375 0.1098583578125 0.942233428125 0.109420940625 0.9376386203125 0.04971278125 0.9407565296874999 0.044901134375 0.9410847265625 0.044026300000000004 0.9448590375 0.044901134375 0.9814534140625 0.0433701640625 0.983422609375 0.040308224999999996 0.9837508125 0.0379023828125 0.9837508125 0.0359339953125 0.9822958015625 0.0359339953125 0.9457014359375 0.03484044375 0.9440604312499999 0 0.9793420015625 0.0002840578125 1
0 0.22494970625000002 0.937110553125 0.2239919671875 0.99999674375 0.248487615625 0.95404865 0.2473940625 0.9376386203125 0.22494970625000002 0.937110553125
0 0.31563194375000003 0.9149951250000001 0.3189093640625 0.8632292343750001 0.2539249578125 0.8650902281249999 0.25653726093749996 0.9328803156250001 0.2606857109375 0.93443660625 0.2629673453125 0.9367710546874999 0.26255249062499997 0.9414399375 0.25964860624999997 0.9462644421874999 0.2579892203125 0.9476651109375 0.25964860624999997 0.9801488296875001 0.25778179218749997 0.9815494984375001 0.25467048124999997 0.9817051265625001 0.2508034828125 0.981077003125 0.24914375 0.9643869687500001 0.231646853125 1 0.28041946875 0.999668553125 0.31563194375000003 0.9149951250000001
0 0.2852926203125 1 0.3093535015625 0.9998140687499999 0.31426575625000003 0.9289371937500001 0.2852926203125 1
0 0.56566431875 0.9721120234375 0.5640049328125001 0.9736683140625001 0.5615158703125 0.9739795750000001 0.5575748828125 0.9736683140625001 0.5567451718750001 0.9722676578125 0.5565377796875 0.9679100234375 0.5540487171875 0.9197843734375001 0.522728109375 0.9185393328125 0.5248023171875 0.923363846875 0.5258394203125001 0.9283439953125001 0.525009709375 0.93239035625 0.5221058265625 0.935347321875 0.5189944984375 0.938148646875 0.5096605296875001 0.9418837578125 0.4953484546875 0.9454632406249999 0.478962171875 0.946552640625 0.46402782968749995 0.9460857515625 0.4526196546875 0.943440053125 0.4443228078125 0.9398605765625 0.4385150078125 0.93659235625 0.43478141406250004 0.9327016171875 0.43436657500000003 0.9284996234375 0.43436657500000003 0.9236751125 0.4362333890625 0.9202512578125001 0.43727049375 0.919473109375 0.35243513437499996 0.923830734375 0.3491163953125 0.9792348328125 0.3474503640625 0.98156928125 0.3426796828125 0.981102390625 0.340190603125 0.9795461 0.3399831921875 0.9758109890625001 0.3424722375 0.9378373906249999 0.3404666984375 0.951413296875 0.3300956265625 1 0.5830876890625001 0.9996584484375 0.5642123953125 0.9255788015625 0.56566431875 0.9721120234375
0 0.9995747796875 1 0.9998755171875 0.8980233125 0.98393693125 0.8973463859375 0.9725092765625 0.9343510296875 0.9635911390624999 0.9316569375 0.9873058796875 0.8523958125 0.5960125656249999 0.8580573234375001 0.6025397703125 1 0.9995747796875 1
0 0.9852175531249999 0.892610234375 1 0.8930614953125 0.9987899734375001 0.8495389156250001 0.9852175531249999 0.892610234375
0 0.5907437015625 1 0.5927624781249999 0.9999112968749999 0.58266861875 0.8567724109375 0.562961296875 0.8589154046875 0.5628173421875 0.914835796875 0.5678642875000001 0.9155931484375 0.5695465921875 0.9188749968750001 0.5907437015625 1
0 0.5138653609375 0.9120833921875 0.517229971875 0.9135980937499999 0.552894940625 0.9148603359375 0.5515491078125 0.8588165546875001 0.49220223125 0.8571811140625 0.491322390625 0.9067819593750001 0.4987245578125 0.90703440625 0.50579025 0.9088015546875001 0.5138653609375 0.9120833921875
0 0.4539386328125 0.9096637125000001 0.462350215625 0.9081490125 0.46840649218749997 0.9071392156250001 0.46773366093749996 0.8596786984375001 0.35636464375 0.8624556421875 0.3530000328125 0.918499440625 0.44418127343749997 0.914460240625 0.4485552453125 0.911178403125 0.4539386328125 0.9096637125000001
0 0.33751573125 0.9262238671875 0.339255609375 0.9214372031250001 0.3427354109375 0.9203493234375 0.345925221875 0.8637478125 0.3418654609375 0.8639785421875 0.3299761671875 0.89030521875 0.3212766859375 0.99934645625 0.3215666765625 0.9999991859374999 0.33751573125 0.9262238671875
0 0.3291062171875 0.883547215625 0.33867565 0.8646181234375 0.3320060359375 0.8648356968750001 0.3291062171875 0.883547215625
0 0.0356318984375 0.937721853125 0.0360930625 0.8667910921875001 0.0015067921875 0.8662720859374999 0 0.9704192062500001 0.029636957812499996 0.9423929 0.0324038453125 0.9401438796875 0.0356318984375 0.937721853125
0 0.11379686874999999 0.9268227375 0.1207141 0.923189696875 0.12555616875 0.9200756625000001 0.13224285625 0.91799964375 0.13916012656250001 0.9159236156249999 0.1463079390625 0.9140205953124999 0.14561623125 0.8655800796875001 0.0469300921875 0.8674831015625 0.045777201562499995 0.9359918328125 0.1112605234375 0.93322380625 0.11218283281250001 0.930974778125 0.11379686874999999 0.9268227375
0 0.1975144609375 0.91463395 0.20451982968750002 0.9203042531250001 0.206506890625 0.9267440718750001 0.20420114687500002 0.9312421343749999 0.213424140625 0.9324531328125 0.21457703281249998 0.8642904031249999 0.20235656875000002 0.8655014171875001 0.2025871109375 0.8784765562500001 0.19889793281249998 0.8810715828125 0.192441809375 0.881763596875 0.18736917656250002 0.8798605703125 0.18783032187499998 0.8646364078125 0.169702978125 0.8647706484375 0.1701641234375 0.91182715 0.176620228125 0.91096214375 0.1816928796875 0.9111351515624999 0.1975144609375 0.91463395
0 0.22748922343750003 0.8646364078125 0.2254140421875 0.9324531328125 0.2470881015625 0.932972146875 0.24339890468749997 0.8641173999999999 0.22748922343750003 0.8646364078125