0 0.4380509703125 0.8921989 0.4515933953125 0.923690771875 0.47270862031250005 0.9625962328125001 0.453061078125 0.9687652437500001 0.44402405 0.9665832249999999 0.4412576578125 0.9615307625 0.4350624984375 0.9508673406250001 0.4270571703125 0.93869243125 0.4208799734375 0.9263973218749999 0.4159313765625 0.9165132171874999 0.4075772 0.8960896171874999 0.4047876671875 0.89596569375 0.384015521875 0.8977944453125 0.34134808125 0.9151146265625 0.3485557171875 0.942291653125 0.3526826234375 0.95672546875 0.361763253125 0.9845075640625 0.3670630890625 0.9982232265625001 0.36715265937499997 0.9984375 0.42706772812500005 0.9984375 0.4890625 0.9841248796875 0.4890625 0.9732491046874999 0.4678478421875 0.8895881015624999 0.4380509703125 0.8921989
0 0.35063862968750004 0.8875 0.3590548203125 0.8875 0.351278440625 0.8852103265625001 0.35063862968750004 0.8875
0 0.90738865625 0.916714165625 0.78942635625 0.94686661875 0.5857204796875 0.9184470609375 0.5768862890625 0.9246855 0.5633958671875 0.9217716671874999 0.5650847203125 0.996875 0.996875 0.996875 0.996875 0.9264925484375001 0.90738865625 0.916714165625
0 0.2552642953125 0.9197614078124999 0.28553474375 0.9359375 0.2922070296875 0.9359375 0.29375 0.923285025 0.29375 0.9143288453125 0.2595043703125 0.909190096875 0.2552642953125 0.9197614078124999
0 0.2713501796875 0.9290036078125 0.2680192640625 0.9328608546874999 0.2408171890625 0.98364523125 0.2756655890625 0.9984375 0.30679883124999996 0.9984375 0.31051605000000004 0.9896802812500001 0.312331028125 0.9814144468749999 0.3162582015625 0.9721626062500001 0.3171875 0.9673416625 0.3171875 0.9620230812499999 0.3154653046875 0.9594011921875 0.2713501796875 0.9290036078125
0 0.2210231390625 0.9541086125 0.1807666 0.94950355625 0.172677384375 0.9470378374999999 0.160038703125 0.989739828125 0.1839353625 0.9984375 0.2097291109375 0.9984375 0.228125 0.9437126062500001 0.228125 0.9418254140625001 0.2262646546875 0.9405258203125 0.2210231390625 0.9541086125
0 0.21682066406249997 0.9147692093750001 0.21659283281250002 0.9171875 0.2171875 0.9171875 0.2171875 0.91479328125 0.21682066406249997 0.9147692093750001
0 0.10005453125 0.9663286921875001 0.10422591562500001 0.96875 0.1056028078125 0.96875 0.1125 0.9463461140625 0.1125 0.946074625 0.10005453125 0.9658472921874999 0.10005453125 0.9663286921875001
0 0.0608323359375 0.9592560703125 0.070301509375 0.96405376875 0.0828125 0.9304298671875 0.0828125 0.9205864953124999 0.0728372765625 0.9192304 0.0608323359375 0.9592560703125
0 0.109728115625 1 0.1097628359375 0.9998676484375 0.11066040937499999 0.9948980390625 0.1109375 0.9938207953125 0.1109375 0.9910174890624999 0.0716008328125 0.9692488921875 0.06450982968749999 0.9927335906250001 0.0872486921875 1 0.109728115625 1
0 0 0.97772609375 0.001965084375 0.985607615625 0.0064830875 0.9859375 0.021875 0.9859375 0.021875 0.9815585171875 0.016623789062499998 0.9660131875 0 0.9668159390625 0 0.97772609375
0 0 0.99284746875 0.0017747515625000001 0.9984375 0.01475065 0.9984375 0.0203125 0.996608771875 0.0203125 0.9931545375 0 0.9914706703125 0 0.99284746875