0 0.481334871875 1 0.4792562203125 0.9031139343750001 0.4496357390625 0.8989549796875 0.4557469421875 0.9326861 0.4675691609375 0.975344309375 0.4470374578125 0.9769354734375 0.438722896875 0.972776490625 0.4371639640625 0.96723121875 0.43352633437500004 0.9554474921875 0.42846494062499996 0.94178381875 0.4252118625 0.928414265625 0.4226135375 0.917670296875 0.41906778750000007 0.8958908718749999 0.41637762812499995 0.895142615625 0.3957264921875 0.89225178125 0.350256421875 0.8995299609374999 0.351165825 0.9276318078125 0.3519400578125 0.9426240375000001 0.3545383390625 0.9717367765624999 0.3566169890625 0.9862931109374999 0.35895645625 1 0.481334871875 1
0 0.362333225 0.8878644203125001 0.35080973125 0.8855395125 0.350127896875 0.8891786109375 0.362333225 0.8878644203125001
0 1 1 0.9997385390625 0.9270279484374999 0.9077590078125001 0.9169771296875 0.7897967078125 0.9471295828124999 0.58609083125 0.918710025 0.577256640625 0.9249484640625001 0.56376621875 0.9220346312500001 0.5655194296875 1 1 1
0 0.256962546875 0.9148562734375 0.25619671093749996 0.9262204437499999 0.296976196875 0.933498628125 0.29218985625 0.9089826562500001 0.256962546875 0.9148562734375
0 0.321085859375 1 0.3195270140625 0.9942644734374999 0.316408971875 0.9880260046875 0.316408971875 0.978321778125 0.31484995 0.9700038687499999 0.31484995 0.9599530359375 0.313810690625 0.955100915625 0.313810690625 0.9516351140625 0.3091338015625 0.9485159015625 0.2566483328125 0.93777193125 0.25508935625 0.9426240375000001 0.24989275000000002 1 0.321085859375 1
0 0.22079194218749998 1 0.2191028015625 0.9318498312499999 0.2163046515625 0.9311033515625 0.21602482812499998 0.9456597046875 0.1766210328125 0.955100915625 0.1681763328125 0.955550571875 0.170904796875 1 0.22079194218749998 1
0 0.21638755468749998 0.9147846890625001 0.2165659796875 0.9186868921875 0.21848050156249998 0.9189422687500001 0.218863403125 0.9146008984374999 0.21638755468749998 0.9147846890625001
0 0.10426245 0.9679308484375 0.11062824375 0.9688406109375001 0.10852272031250002 0.944223484375 0.10426245 0.9679308484375
0 0.0666477203125 0.9200568171875 0.0668697125 0.9618434609375001 0.0773278390625 0.9636630046875 0.0800560296875 0.9178711406250001 0.0666477203125 0.9200568171875
0 0.11302865937499999 0.9928009453125 0.11234660781250001 0.9877971984375 0.11211925 0.9841581093749999 0.0672727203125 0.975473484375 0.067785946875 1 0.11393804999999999 0.9997758671874999 0.1132559984375 0.996743290625 0.11302865937499999 0.9928009453125
0 0 0.9832483390625001 0.0207824015625 0.990071628125 0.0189636 0.9677822109375 0 0.9640151515625 0 0.9832483390625001
0 0.0003977203125 0.988598484375 0.00032088125 1 0.021009739062499998 0.9999274953124999 0.020555043749999998 0.99704655 0.0003977203125 0.988598484375