0 0.42208021562500003 1 0.4875 0.9884647281250001 0.4875 0.9772030781250001 0.4707890234375 0.8930306328125001 0.4408963484375 0.8940784046875001 0.45277205625 0.926235875 0.4718221890625 0.9661931031250001 0.45187871093750004 0.9713253875 0.4429682671875 0.9686733984375 0.44047009218750005 0.9634830750000001 0.43484150312500003 0.9525100390624999 0.42748433124999996 0.9399328499999999 0.4219590765625 0.9273313015625 0.41753455468749995 0.91720175 0.41026071562500005 0.8963689171875 0.4074814921875 0.896099171875 0.38664210625 0.8968382874999999 0.3431266703125 0.9119016906249999 0.3489020921875 0.9394186890625 0.3522679359375 0.9540487093750001 0.3598821171875 0.9822679734375 0.36445686875 0.9962422125 0.3658013015625 1 0.42208021562500003 1
0 0.3508234609375 0.8890625 0.35529881875 0.8890625 0.3609375 0.8871049093750001 0.3609375 0.8866109640625 0.35073306875 0.8868948375000001 0.3508234609375 0.8890625
0 1 0.9611479375 0.9128842453124999 0.93742015625 0.791657375 0.9487480140625 0.5949052531250001 0.8888117281250001 0.58520391875 0.8935913890625 0.5723354109375001 0.8886030640625 0.561870565625 0.9658828125 0.7772780140625 1 0.9962391 1 1 0.9756912124999999 1 0.9611479375
0 0.255699834375 0.9185161624999999 0.288428871875 0.9390625 0.2910695203125 0.9390625 0.29375 0.9252118453125 0.29375 0.9156212281249999 0.26066699843749996 0.908266375 0.255699834375 0.9185161624999999
0 0.292316671875 1 0.3265625 0.9868542578125 0.3265625 0.9810148890624999 0.326388659375 0.980777409375 0.3212420484375 0.976070703125 0.317764365625 0.9670110281250001 0.3133280203125 0.9598042937500001 0.30972612499999996 0.9504210328125 0.3070170484375 0.9462636249999999 0.305775015625 0.9430280203124999 0.3002909375 0.9417920328125 0.2474412375 0.95057078125 0.2477246453125 0.9556593 0.2602925109375 1 0.292316671875 1
0 0.2187030453125 0.94932096875 0.1782584328125 0.9517763499999999 0.1698639453125 0.9507527671875 0.1648323953125 0.9950007015625 0.184323446875 0.9984375 0.214750153125 0.9984375 0.2234375 0.94086041875 0.2234375 0.9359323093749999 0.2215063015625 0.9350343499999999 0.2187030453125 0.94932096875
0 0.21656039531250001 0.9148475171875001 0.21674940468749998 0.9171875 0.2171875 0.9171875 0.2171875 0.9147788875 0.21656039531250001 0.9148475171875001
0 0.101515121875 0.9670242359375001 0.1019374984375 0.9671875 0.10760520625 0.9671875 0.109375 0.9547699046875 0.109375 0.948120015625 0.101515121875 0.966469578125 0.101515121875 0.9670242359375001
0 0.059165596875000004 0.9244421015625001 0.074777678125 0.9625 0.0778297640625 0.9625 0.084375 0.9610932062499999 0.084375 0.9578153031250001 0.07077879687500001 0.9173927374999999 0.059165596875000004 0.9244421015625001
0 0.0940135328125 1 0.1125 0.9963133375 0.1125 0.9860845140625001 0.11186580625 0.9842175296875 0.11094825625 0.9806886828125 0.065268578125 0.9807207390625001 0.069436465625 1 0.0940135328125 1
0 0 0.9821502609375001 0.01875 0.9905674328125 0.01875 0.96815894375 0.001602434375 0.962839284375 0 0.9780854281250001 0 0.9821502609375001
0 0.01875 1 0.01875 0.99899236875 0.0030470234375 0.9859375 0.00279703125 0.9859375 0 0.994870409375 0 0.9968220015625 0.01052656875 1 0.01875 1