0 0.9999314625 1 0.9997940515625 0.9214444875 0.8023999140625 0.8663536171875 0.8001899890624999 0.8923135421874999 0.799990040625 0.9091145890625001 0.7987903578125 0.9298159109374999 0.7987903578125 0.9442167859374999 0.79859039375 0.964318078125 0.7987903578125 0.9802190546875 0.7987903578125 1 0.9999314625 1
0 0.38134342499999996 0.8487695859375 0.381872103125 0.8535290578125 0.3824007828125 0.8614614843749999 0.383722434375 0.872566896875 0.385308403125 0.8781196031249999 0.39270968281249996 0.8689973265625 0.3921810046875 0.8650311046875 0.39244534375 0.8582885140625001 0.3921810046875 0.8531324578125 0.3921810046875 0.847183134375 0.3921810046875 0.8428202625000001 0.3916523703125 0.8376641890625001 0.3913880078125 0.8325081000000001 0.390595034375 0.8265587765625 0.3879517078125 0.8178331 0.3783271359375 0.8268323640625 0.379228778125 0.8348878359375 0.3800217734375 0.8424236453124999 0.38134342499999996 0.8487695859375
0 0.41810579218750005 0.8178314875 0.4161460015625 0.809504040625 0.4159373265625 0.8023762890624999 0.410651684375 0.795665484375 0.40821217499999995 0.7991225656250001 0.40441734374999994 0.8007494359375 0.4007580671875 0.8029863625000001 0.40028613125 0.808314171875 0.40102911093750004 0.8247456515625 0.40187212343749995 0.8336979687499999 0.4042511109375 0.8432169125 0.406630075 0.8519425734375 0.423547303125 0.8396472921875 0.4238116203125 0.8277486453125 0.41973215937499997 0.8225087140625 0.41810579218750005 0.8178314875
0 0.45094598750000003 0.8662306546874999 0.4585356171875 0.866434009375 0.4685647796875 0.8660273078125 0.46842925781250006 0.8568762062499999 0.465041025 0.8556560484375 0.4570447953125 0.8524023171874999 0.4483709328125 0.8469116578125 0.4377996609375 0.83999749375 0.43793518281250005 0.8700944609375 0.4414589359375 0.867654159375 0.445389290625 0.8668407296874999 0.45094598750000003 0.8662306546874999
0 0.47954265156250003 0.867247440625 0.49201134687500003 0.8682642359375 0.4797452875 0.8628870421875 0.47954265156250003 0.867247440625
0 0.39216793125 0.9188138953125 0.395149575 0.911696375 0.39989310625 0.9043755078125001 0.4059919140625 0.8962411937500001 0.41263284375 0.8881068796875 0.421577784375 0.8803792671874999 0.4236107171875 0.8785490499999999 0.42401730625 0.8596367656250001 0.4198159078125 0.8632972078125001 0.41453025468750004 0.8677710796874999 0.4068050921875 0.8750919640625 0.400706271875 0.8815994171874999 0.3962338078125 0.8868867203124999 0.39149028750000003 0.8940042406250001 0.387345884375 0.9014452984375 0.38850864375 0.9100695140624999 0.38891523281249996 0.9257280859374999 0.38945735 0.9283717156250001 0.39216793125 0.9188138953125
0 0.5215868015625 0.9909640484375 0.5254770984375 0.983555175 0.5290681453125 0.9747992406250001 0.5310133078125 0.96985998125 0.5310133078125 0.9673903578124999 0.5298162921875 0.9258557578125 0.529217778125 0.9247332046875 0.5215868015625 0.9377548625 0.5173972390625 0.9451637375 0.5136565609375 0.9523481015625 0.5100655140625 0.958409903125 0.50258415625 0.9682884015625 0.49360653125000004 0.9808610328125 0.49077776249999994 0.984726440625 0.4906139859375 1 0.517546859375 0.9999444937499999 0.5193423890625 0.996576825 0.5215868015625 0.9909640484375
0 0.5323599421874999 1 0.531611809375 0.9862123234375 0.5259468359375 1 0.5323599421874999 1
0 0.5660260390625 0.9853142781249999 0.5651282875 0.9812730734375 0.56318315 0.9954172859374999 0.5635839125000001 0.9998415640625 0.566325303125 1 0.5669238296875 0.9859878046875 0.5660260390625 0.9853142781249999
0 0.4197563546875 0.9880084218749999 0.40733730156250003 0.98104855625 0.3930858953125 0.9998415640625 0.42080375 1 0.42080375 0.9947437593749999 0.4212526203125 0.9900290093749999 0.4197563546875 0.9880084218749999
0 0.3923745984375 0.9882329203125 0.39970632500000003 0.9781299140625 0.39205755937500003 0.9717706203124999 0.3923745984375 0.9882329203125
0 0.373301290625 0.9070528812499999 0.3711930578125 0.8651389578125 0.364868403125 0.8406232656249999 0.2879186296875 0.922869440625 0.1772374796875 0.8793738781249999 0.15562830156250002 0.898353765625 0.1298026578125 0.9133795390625 0.1108287375 0.9260327531250001 0.0644480765625 1 0.37909887656249996 0.9995798453125 0.37699064375 0.9632017078124999 0.373301290625 0.9070528812499999
0 0.7322500015625 0.8506984640624999 0.730738790625 0.8572176234375 0.728660890625 0.8648705359375001 0.72507175 0.8730903484375 0.722427128125 0.875641303125 0.72733855625 0.8773419671875 0.733383428125 0.879609484375 0.743584084375 0.8824439015625 0.75095124375 0.8832942265625 0.761151915625 0.8855617562500001 0.7643632421875 0.8855617562500001 0.7724860140625001 0.839927696875 0.7745639296875 0.8305741375 0.77626403125 0.8251887421875 0.7478653046875 0.8113097843749999 0.7445285890625 0.8220708999999999 0.7409394625 0.8331251046875 0.7369725390624999 0.8424786687499999 0.7322500015625 0.8506984640624999