0 0.9855198828124999 1 0.9984375 0.9514512625 0.9984375 0.947820340625 0.8228627453125 0.8440108484375 0.8140091984375 0.8685142406249999 0.8094676312500001 0.8846910546875 0.80295093125 0.9043764953125001 0.7992237109375 0.918286671875 0.7938279625 0.937651275 0.7899056375 0.9530621937499999 0.7847859515625 0.9721691187499999 0.8886522125 1 0.9855198828124999 1
0 0.38719220781249997 0.8177357140625 0.37788756874999996 0.8270653890625 0.37906979375 0.8350844859375 0.3801253015625 0.8425880296875 0.38166761875 0.8488839796875001 0.382362078125 0.8536221015625 0.3831672734375 0.8615312453125 0.3848756921875 0.8725837671875001 0.386163890625 0.8765625 0.3877985328125 0.8765625 0.390625 0.8728189765625001 0.390625 0.829242925 0.39013844531249997 0.8263638234374999 0.38719220781249997 0.8177357140625
0 0.41890315312500004 0.8191421125 0.41767660468749995 0.8106755484375 0.41808994843749997 0.8035567328125 0.4134093046875 0.796410790625 0.410677775 0.7996420984375 0.4067555921875 0.8009320375 0.40291527968749996 0.8028415250000001 0.401980790625 0.808107928125 0.4015625 0.8180423343750001 0.4015625 0.8348802453124999 0.40288870781249997 0.8432234234375 0.40439672812499994 0.8515625 0.40543098281249995 0.8515625 0.422422584375 0.8413491609375001 0.4234375 0.8321156343749999 0.4234375 0.8290776531249999 0.42011568437499996 0.8239432890625 0.41890315312500004 0.8191421125
0 0.4648664046875 0.8534245515625001 0.456459628125 0.8514617671875 0.447033625 0.8473955984374999 0.435823065625 0.8423604796875 0.435823065625 0.844135421875 0.44009002343750003 0.8703125 0.4420406265625 0.8703125 0.44345157031250004 0.8689639984375 0.4472062859375 0.867545740625 0.45259913437500005 0.8660739171875 0.46012713437499997 0.8650874906249999 0.46875 0.8633609984374999 0.46875 0.856093890625 0.4684037984375 0.8540996515625 0.4648664046875 0.8534245515625001
0 0.4890625 0.8671306921875 0.4796875 0.8630208796875 0.4796875 0.8671875 0.4890625 0.8671875 0.4890625 0.8671306921875
0 0.41154960625000003 0.861068640625 0.4075032875 0.8666883343749999 0.4017786765625 0.8756606437500001 0.39743531249999997 0.8834502359374999 0.39437481406249997 0.8896624703124999 0.39149408124999996 0.8977161312499999 0.3892729390625 0.9059387796875 0.392487546875 0.9140255234374999 0.39667020937499997 0.9291206046875 0.3976899296875 0.93125 0.3978455234375 0.93125 0.3981535953125 0.9216248968749999 0.3993247875 0.913997471875 0.4021563375 0.9057465015625 0.406106115625 0.8963783765625 0.4105819125 0.8868791 0.41739167187500004 0.877217053125 0.41875 0.8752035375 0.41875 0.8741928265625001 0.41474066406250004 0.8565005187500001 0.41154960625000003 0.861068640625
0 0.518373915625 0.945225415625 0.51414119375 0.95213134375 0.51013604375 0.9579278796875 0.501983821875 0.967260440625 0.49215104375 0.9791761984375 0.48905952812500003 0.982834865625 0.48783072031249997 0.9980597953125001 0.49339698125 0.9984375 0.5156074953124999 0.9984375 0.5167279312499999 0.9966489515625 0.5193584046875 0.991206409375 0.523756040625 0.98408695625 0.5279491234375 0.9756028499999999 0.5302340937500001 0.970811309375 0.530406365625 0.968347703125 0.53125 0.9477835046875001 0.53125 0.9261675046875 0.5230700890625 0.9381268374999999 0.518373915625 0.945225415625
0 0.530474428125 1 0.53125 0.9998066281250001 0.53125 0.9934794 0.5289970046875 0.9861585953124999 0.52696878125 1 0.530474428125 1
0 0.5657412171875 1 0.5671875 0.9902597656250001 0.5671875 0.98575401875 0.566953003125 0.9855362828124999 0.566482590625 0.981423375 0.5630696375 0.9952867828124999 0.563005740625 0.9997287140625 0.56466099375 1 0.5657412171875 1
0 0.4088706609375 0.9809624546875 0.3910233953125 0.9963817562499999 0.40043019218750003 0.9984375 0.41892352187500004 0.9984375 0.4191954421875 0.9971582171875 0.4203125 0.9936020515624999 0.4203125 0.99197720625 0.419571290625 0.990352296875 0.4088706609375 0.9809624546875
0 0.3906601796875 0.9875 0.3984375 0.9802394828125 0.3984375 0.977750090625 0.39363574687499997 0.971875 0.3932243625 0.971875 0.3904982875 0.9875 0.3906601796875 0.9875
0 0.3557609296875 1 0.3673794171875 0.9647465625 0.38112593125 0.925094890625 0.384375 0.9005285234375 0.384375 0.9000278375 0.2822890046875 0.9474265125000001 0.19596095468750002 0.865636240625 0.1688152828125 0.8751391453125 0.139241409375 0.8793963437500001 0.11690911875000001 0.8840204437500001 0.046197101562499995 0.9352271796875 0.20713384375000002 1 0.3557609296875 1
0 0.7504278249999999 0.8214084734375 0.7447953984375 0.8315747437500001 0.7391166140625 0.8399995328125 0.7329124328125001 0.8471672046875 0.7301850734374999 0.8532782359375 0.7266851046875 0.8603940609375 0.7215934921875 0.8677780109375 0.718510715625 0.8697774812500001 0.7230074046875 0.87238404375 0.7285085515625 0.875763315625 0.7379809609375 0.880492034375 0.745050515625 0.88273245625 0.7524101484375 0.8859375 0.758392859375 0.8859375 0.77446435625 0.84427171875 0.7782888375 0.835486496875 0.7796875 0.8329126499999999 0.7796875 0.8295448703125 0.755756553125 0.8114817453125 0.7504278249999999 0.8214084734375