0 1 0.9341576515625001 0.811647075 0.8557773281250001 0.8062899031249999 0.8812744296874999 0.8040439125000001 0.8979258765625 0.800330315625 0.9183266906249999 0.798575290625 0.9326202234375 0.7959270859375 0.9525473140624999 0.7941877171875 0.9683541343750001 0.7917770265625 0.9879876375000001 0.88960986875 1 0.9929315421875 1 1 0.94158750625 1 0.9341576515625001
0 0.3805048140625 0.8264820953124999 0.380559490625 0.8345876859375 0.380560434375 0.842165103125 0.381211515625 0.8486144296875 0.381239796875 0.8534030906250001 0.380936415625 0.861347325 0.3810899953125 0.8725300515625 0.38179670468750004 0.8765625 0.38374559375 0.8765625 0.3904011328125 0.869919459375 0.39028993437500004 0.8659197031250001 0.3912576171875 0.8592416796875 0.39153368125 0.8540862375 0.3921555546875 0.8481695046875 0.3921875 0.847865565625 0.3921875 0.8246414078125 0.39101734062500004 0.818538171875 0.3805048140625 0.8264820953124999
0 0.41992386093749995 0.8209499578124999 0.41728703125 0.8167584609375 0.4135042015625 0.809085303125 0.4116974796875 0.802187175 0.4050377046875 0.7968373796875 0.40343839531250003 0.800754625 0.40010679062500004 0.8031934515625 0.39704449999999997 0.8061962046875 0.39778315625 0.811493625 0.40220337187500005 0.82733683125 0.40503861093750004 0.8358700640625001 0.409497921875 0.8446098828125 0.41323377031249997 0.8515625 0.4146601484375 0.8515625 0.4265625 0.8378659234375 0.4265625 0.8322914812500001 0.42507749375000003 0.8251379109375 0.41992386093749995 0.8209499578124999
0 0.4579391453125 0.8529319859375001 0.45124960312500006 0.8451452500000001 0.4433013328125 0.835609915625 0.4431113765625 0.835609915625 0.43449185 0.8642639578125 0.43857510624999996 0.86296053125 0.442571546875 0.86333176875 0.4480638109375 0.8643729718750001 0.45526235625 0.866786434375 0.46275884375 0.86875 0.4651400984375 0.86875 0.4671875 0.8616804921875 0.4671875 0.8602915015624999 0.4646346796875 0.858381415625 0.4579391453125 0.8529319859375001
0 0.4890625 0.8670735203125 0.47971606875 0.86316925 0.4796875 0.86415461875 0.4796875 0.8671875 0.4890625 0.8671875 0.4890625 0.8670735203125
0 0.42473128750000005 0.8745045765624999 0.4146963265625 0.8780504296875 0.4064779578125 0.8815146703125001 0.40024161874999997 0.8845257468750001 0.3930132421875 0.8890985625000001 0.386200590625 0.8942106265625 0.383755040625 0.9025621765625 0.3777575625 0.9170323671875 0.3773795609375 0.91875 0.37794325156249997 0.91875 0.3835413046875 0.9120389328125 0.389160128125 0.906749496875 0.396471225 0.9019909203124999 0.4053512875 0.8970404640625 0.4147266015625 0.8923105078125 0.4260413140625 0.8888892171875 0.42864290625 0.8880440984375 0.434375 0.875880196875 0.434375 0.87164794375 0.431379659375 0.8725673593750001 0.42473128750000005 0.8745045765624999
0 0.521646746875 0.947408240625 0.516070696875 0.9532832234375 0.510947903125 0.958120375 0.501033478125 0.96555405625 0.48893814375 0.9751650749999999 0.48515350625 0.9781010296874999 0.4807861078125 0.9927377749999999 0.500819140625 0.9984375 0.508307921875 0.9984375 0.5093451765625 0.997365828125 0.5130497375 0.992589125 0.518831490625 0.9865395703125 0.524696890625 0.9791126531250001 0.52792814375 0.974900890625 0.5286088640625 0.9725269359375 0.5375 0.9377703671875001 0.5375 0.9321147921874999 0.527716175 0.9414411734374999 0.521646746875 0.947408240625
0 0.5305346125 1 0.53125 0.9998083125000001 0.53125 0.993229240625 0.5289366875 0.986154109375 0.5271540453125 1 0.5305346125 1
0 0.563569815625 1 0.5671875 0.9902961359375 0.5671875 0.9840183265625001 0.561885503125 0.99497124375 0.5608994734375 0.999302825 0.562686928125 1 0.563569815625 1
0 0.40896461874999995 0.981004571875 0.3908509671875 0.996110046875 0.4006757203125 0.9984375 0.41876058125000004 0.9984375 0.419005171875 0.997378059375 0.4203125 0.993456884375 0.4203125 0.9924471359375 0.41949974218749997 0.9905797359375 0.40896461874999995 0.981004571875
0 0.39006330624999996 0.9859375 0.3905528265625 0.9859375 0.4 0.9790657375 0.4 0.979020990625 0.39471007812500003 0.9706400109375 0.39006330624999996 0.9859375
0 0.3557609296875 1 0.3673794171875 0.9647465625 0.38112593125 0.925094890625 0.384375 0.9005285234375 0.384375 0.9000278375 0.2822890046875 0.9474265125000001 0.19596095468750002 0.865636240625 0.1688152828125 0.8751391453125 0.139241409375 0.8793963437500001 0.11690911875000001 0.8840204437500001 0.046197101562499995 0.9352271796875 0.20713384375000002 1 0.3557609296875 1
0 0.7530980015625001 0.821876540625 0.7461055187500001 0.831159990625 0.7393094953125 0.8387124546875 0.732168146875 0.8449469171875 0.7286168359375 0.8506189 0.7241606 0.8571783734375 0.718090890625 0.8637818484374999 0.7147598421875 0.86533281875 0.7188500078125 0.8685398328125 0.7238273140625 0.87265183125 0.732549428125 0.878652834375 0.7392383765625 0.8818553437500001 0.7481450640625 0.8873203500000001 0.7486668062499999 0.8875 0.7516632203125 0.8875 0.7737186625 0.8478625203125001 0.778728590625 0.8396950593750001 0.78125 0.8362900874999999 0.78125 0.83431585 0.7597564046875 0.812788034375 0.7530980015625001 0.821876540625