0 1 0.6266177890625 0.8796828671875 0.625329290625 0.90103929375 0.7678238109375 0.8993374125000001 0.768717671875 0.8962740109375 0.7697392187500001 0.8928702234375001 0.769866915625 0.8896366562500001 0.7685899734375 0.8845309875 0.7407528 0.8767023343749999 0.6945680921874999 0.8668314125000001 0.6853741609374999 0.8802762875000001 0.728023784375 0.8787446015624999 0.7295561 0.8743196781250001 0.730194575 0.870064978125 0.729300715625 0.8632574296875 0.7066989718750001 0.8612151625 0.7116790203125001 0.8624064890625001 0.7281514812500001 0.8595132828125 0.72904533125 0.8571306546875 0.72904533125 0.853216328125 0.72904533125 0.8515144484375 0.726363771875 0.846238571875 0.67311559375 0.82666689375 0.67273250625 0.8268370875000001 0.6890772765625 0.8259861468749999 0.6912480624999999 0.824284253125 0.6917588359375 0.8208804921875 0.6920142203124999 0.8178170921874999 0.690992678125 0.816455584375 0.6883111140625 0.8132220046875 0.673370975 0.8125618937500001 0.6729806734375 0.7897741953125 0.6718408234375 0.7705313078125 0.7463108109375 0.7754595765625 0.759062128125 0.8104005015625001 0.806935709375 0.809894178125 0.8130148796875 0.80280464375 0.8141547296875 0.799766284375 0.8513897296874999 0.62636975625 0.850629840625 0.6461190515624999 0.9437173218750001 0.6430806921875 0.9471368703125 0.6344721046874999 0.948656665625 0.62636975625 0.946376965625 0.6040885078125 0.8502498812500001 0.4570155609375 0.84797018125 0.441317525 0.9402978031250001 0.43827908125 0.944857171875 0.43169595312500003 0.9452371156250001 0.42359377499999995 0.9444772265625 0.43422790625 0.8563290734375 0.43118963125 0.8570889640624999 0.4291640015625 0.8567090187499999 0.4276448640625 0.85556916875 0.41852987031250005 0.8464503875 0.40435080156250003 0.8453105375 0.41954260000000004 0.9315589671875 0.412453065625 0.9361183499999999 0.4013124421875 0.93535844375 0.3886526796875 0.8510097859375 0.2828167515625 0.8464503875 0.28180402187500003 0.84797018125 0.27825921249999996 0.8548092640625 0.273701671875 0.85556916875 0.27015694843750004 0.8551892234375 0.2655994078125 0.8532894687500001 0.2655994078125 0.8453105375 0.251420509375 0.8445506484375 0.2321775359375 0.9288993390625 0.22812640312500002 0.9315589671875 0.216479371875 0.9315589671875 0.214453828125 0.9266196234375 0.2331903078125 0.8456904968750001 0.0007563828125 0.8453105375 0.00088586875 1 1 1 1 0.6266177890625
0 0.74626019375 0.708236184375 0.7436525875 0.7133603546875 0.746073940625 0.7168075234375 0.7473777359375 0.70749085 0.74626019375 0.708236184375
0 0.755612040625 0.72993374375 0.759407178125 0.735960421875 0.769811209375 0.695422628125 0.761187175 0.68542250625 0.755612040625 0.72993374375
0 0.8245285578124999 0.6265682 0.8251773218749999 0.631934353125 0.8418654359375 0.6322473859375 0.839362221875 0.6266128453124999 0.8245285578124999 0.6265682
0 0.855351934375 0.6266757234375 0.8580320468749999 0.6610975125 0.8709653265625 0.66008016875 0.865958896875 0.6265656640625 0.855351934375 0.6266757234375
0 0.8586493187500001 0.667212046875 0.863247084375 0.6707768578125 0.8724255624999999 0.6710116312500001 0.8716954359375 0.666707471875 0.8586493187500001 0.667212046875
0 0.8725298484374999 0.672498525 0.8659609093749999 0.6731258328124999 0.8665847031249999 0.6737506437499999 0.8740943546875 0.679541696875 0.8725298484374999 0.672498525
0 0.8265570546875001 0.6671855375 0.8265939328125 0.6712245046875001 0.846604271875 0.6712245046875001 0.8461004109375001 0.667011978125 0.8265570546875001 0.6671855375
0 0.8129897828124999 0.6706844359375 0.8131337390625 0.6694962890625 0.8120540484375001 0.6687942 0.8115184421875 0.6668145187500001 0.79053213125 0.667119990625 0.7909640109375 0.6704144015625 0.8129897828124999 0.6706844359375
0 0.7659079125 0.6495250609375 0.76265098125 0.667636125 0.7734479234375 0.6769252875 0.7805739078125 0.6498138953125 0.7659079125 0.6495250609375
0 0.7953451406250001 0.6500804578125 0.7920880609375 0.6602682984375 0.8106643968749999 0.6605371984375 0.8088127343749999 0.650184584375 0.7953451406250001 0.6500804578125
0 0.825656865625 0.650319034375 0.825836059375 0.6603131140625 0.84369561875 0.6604923796875 0.82947965 0.6500949515625 0.825656865625 0.650319034375
0 0.7478028171875 0.6643252296875 0.7316592046875 0.650906946875 0.7302729109375 0.6548849203125 0.72914195 0.6908429609375 0.7357863515624999 0.7015561203125 0.7478028171875 0.6643252296875
0 0.8375949359374999 0.645349446875 0.8407353890625 0.64873095 0.8441808562500001 0.648541796875 0.8438447312499999 0.6448847390625 0.8375949359374999 0.645349446875
0 0.797166415625 0.6446563875 0.7957761265625 0.648100425 0.8073730937500001 0.648100425 0.8073730937500001 0.6453891609375 0.797166415625 0.6446563875
0 0.768173390625 0.645262815625 0.7672038999999999 0.6473437953125 0.780817725 0.647596003125 0.7814059796875 0.6449477890625 0.768173390625 0.645262815625