0 1 0.762352853125 0.9169440281250001 0.737571378125 0.8981963296875 0.88043253125 0.8963139953124999 0.8808226625 0.8930876874999999 0.8809602468750001 0.889780559375 0.8801447874999999 0.887024228125 0.8780260203125 0.889789309375 0.8498598968750001 0.8949941546875 0.8033064375000001 0.8880398078124999 0.7917478703125 0.8892080218749999 0.8364512281250001 0.8873133062499999 0.8375019968749999 0.8828838093750001 0.8368960640625 0.8790403109374999 0.8348640765625 0.878726359375 0.8112614703125001 0.87539051875 0.815485675 0.8719952703124999 0.8316483953124999 0.8689677640625 0.83171014375 0.8666774343749999 0.8310534015625001 0.8629147421875001 0.8299744671875 0.862017928125 0.8269276859374999 0.8716236171875 0.774288021875 0.8529157062499999 0.7685250906250001 0.848574078125 0.784283603125 0.8471577515625001 0.786135746875 0.8453809984375 0.786157628125 0.8420387 0.7854649140625 0.8393755453124999 0.7836385578125 0.83880591875 0.780685590625 0.8398156640625001 0.7654329125 0.83928870625 0.7648757796875 0.81769795 0.75749894375 0.7786737875 0.8237800312499999 0.7798964046875 0.8373958 0.8002880296875 0.8930458640625 0.798125675 0.898749975 0.7909965921875 0.8978915296875 0.7778125765625 0.9328466234375 0.6113425890624999 0.8843216109375 0.60466844375 0.9792466828125 0.6008052296875 0.9816962796875 0.5921112109375 0.9807843515625001 0.5849511046875 0.9763596546875 0.590029209375 0.877814825 0.44928198906250005 0.8350846390625 0.40874312812499997 0.9195086796874999 0.40456565624999996 0.92305391875 0.39813282031249997 0.9216045859375 0.3905539609375 0.918640871875 0.4250730671875 0.8368385937499999 0.4219430359375 0.836731584375 0.420100603125 0.8358080171875001 0.4189544984375 0.83429359375 0.41270608124999997 0.8230156234375 0.3993904703125 0.8180116484375001 0.390220475 0.9051063875 0.3821488421875 0.907535009375 0.3716492453125 0.9037337687500001 0.3827295421875 0.8191631296875 0.282250259375 0.78560801875 0.2808578484375 0.78678979375 0.2755652515625 0.792386859375 0.2709748046875 0.7918610984375001 0.267672125 0.7905188140625 0.2638147796875 0.7874364234375 0.2660140703125 0.77976658125 0.2525938921875 0.775127896875 0.210846709375 0.8509049781250001 0.20621941718749998 0.8523449328125 0.19502357343750001 0.8491345765625 0.1944379625 0.8438282609375 0.2347557140625 0.7711986640624999 0.011430615625 0.7067659515625 0 0.7467555515625001 0 0.8644116359374999 0.47285281875 1 0.9668596765625 1 1 0.8844259578125 1 0.762352853125
0 0.7436696265625 0.7123559703125 0.7443276046875 0.7140625 0.7453125 0.7140625 0.7453125 0.7104641140625 0.7436696265625 0.7123559703125
0 0.75006895 0.7263140921875 0.751956859375 0.7328125 0.7522558453125 0.7328125 0.771875 0.6993648265625 0.771875 0.694116403125 0.7676970734374999 0.685063859375 0.75006895 0.7263140921875
0 0.8389863375 0.625626109375 0.8241856921874999 0.626616315625 0.8247767515625 0.6296875 0.840625 0.6296875 0.840625 0.62871399375 0.8389863375 0.625626109375
0 0.8531688656249999 0.6281305515625 0.861221378125 0.659375 0.8702511906250001 0.659375 0.871875 0.6589551250000001 0.871875 0.650930521875 0.8635955718749999 0.6261802859375 0.8531688656249999 0.6281305515625
0 0.8703125 0.6703125 0.8703125 0.6674408703125 0.8672857671875001 0.6671875 0.8595789765624999 0.6671875 0.8627272218750001 0.6703125 0.8703125 0.6703125
0 0.8722909671875 0.6720248875 0.8660689125 0.67422273125 0.8668253328125 0.6746780734375 0.8711309203125 0.6765625 0.8734375 0.6765625 0.8734375 0.674322084375 0.8722909671875 0.6720248875
0 0.8262881140625 0.666582253125 0.8263457546874999 0.66875 0.84375 0.66875 0.84375 0.6661223078125 0.8262881140625 0.666582253125
0 0.79206230625 0.6629109015625 0.791116890625 0.6660961578125 0.8070763484375 0.6734375 0.809375 0.6734375 0.809375 0.670319 0.79206230625 0.6629109015625
0 0.7634719875 0.6688520015625 0.7750302890625 0.6765625 0.7753467828125 0.6765625 0.778125 0.656085909375 0.778125 0.649077534375 0.7644974578125 0.6504790140625001 0.7634719875 0.6688520015625
0 0.7947446609375 0.6511530390625 0.7930670359375 0.6609375 0.7989583953125 0.6609375 0.809375 0.6596269921875 0.809375 0.6532865234375 0.8080956796875001 0.6493818250000001 0.7947446609375 0.6511530390625
0 0.8258627171875 0.6497189750000001 0.8257252875000001 0.6578125 0.840098028125 0.6578125 0.8296909921875001 0.6496284421875 0.8258627171875 0.6497189750000001
0 0.7330532203125 0.6927347328125 0.7423931765625 0.7012014375 0.7436819203125 0.6621006203124999 0.724465103125 0.6536519234375 0.7242289890625 0.6578579109375 0.7330532203125 0.6927347328125
0 0.8378546015625 0.64518220625 0.837998715625 0.6453125 0.84375 0.6453125 0.84375 0.6442218203125 0.8378546015625 0.64518220625
0 0.7963311828124999 0.64630043125 0.7964614765625 0.65 0.7964893015625 0.65 0.80625 0.6456542578125 0.80625 0.6434843906250001 0.8059534921875 0.6428184234375001 0.7963311828124999 0.64630043125
0 0.7679550828124999 0.646875 0.7812455421875 0.646875 0.78125 0.6468616953125 0.78125 0.645856903125 0.774536796875 0.6453125 0.7680851984375 0.6453125 0.7672030296875 0.6467818421875 0.7679550828124999 0.646875