0 1 0.8050881359375 0.9219186671875 0.774152159375 0.890791140625 0.9148357140625001 0.8888819671875 0.9150603046875 0.8856559453124999 0.9149161765624999 0.8824324734375001 0.9138155828125001 0.87987129375 0.9114646484375 0.8850806921875 0.8836467000000001 0.8943231328125 0.837724021875 0.8884026437499999 0.8256033265625 0.8856702578125001 0.8702383921875001 0.8836911734375 0.871120025 0.8793313421875 0.8701303421875 0.8756795687500001 0.8677711046875001 0.8774239156249999 0.8442309515625 0.8737326046874999 0.8481483437499999 0.8689416015625 0.86395364375 0.865920234375 0.8637512921875 0.863695859375 0.8628974359375 0.8600415203124999 0.861494665625 0.8594136640625001 0.8583813156250001 0.8735706484374999 0.806779153125 0.8554362 0.7994076484375 0.849737646875 0.8147277984375 0.8481652859375 0.8164494515625 0.8463933859375 0.8163163953125 0.8431241796875 0.8153350187499999 0.8406303375 0.8132835015625 0.8403202468750001 0.8102921265624999 0.8426555078125 0.79518549375 0.8421791125 0.794584553125 0.8213134484375001 0.7853540296875 0.7766610093749999 0.8479817187500001 0.77669228125 0.8616522328125 0.7921560875 0.918867778125 0.7895048140625 0.9243617234375 0.782477678125 0.922885203125 0.76629729375 0.95655821875 0.604690009375 0.89370904375 0.5897679953125 0.9876912078125001 0.5857059859375 0.98979478125 0.57712453125 0.9881285906249999 0.570377309375 0.983096684375 0.5840248375 0.8853694359375 0.447537384375 0.8305349218750001 0.39979474531250003 0.9111045093750001 0.39532418125 0.914272165625 0.3890421421875 0.9122676921874999 0.38175042656249997 0.9086547125 0.4232677171875 0.8301722546875 0.420158921875 0.829792853125 0.41840399375 0.8287122234375 0.41739424375 0.827103671875 0.41215254218749997 0.8153240343749999 0.3993237265625 0.8091785687499999 0.3825978203125 0.8951426671875 0.3743452328125 0.89685855625 0.36421689062499996 0.89215668125 0.38262583906250003 0.808873571875 0.28545343125 0.7666888015625 0.2839633203125 0.767744721875 0.2782030484375 0.772859209375 0.2736758921875 0.771935365625 0.2705027671875 0.770310340625 0.2669287484375 0.7669034906250001 0.2697881421875 0.759454515625 0.25682331875000003 0.7536638359375 0.20863058906249998 0.8255140578125 0.20389540468749998 0.8265452375000001 0.1930219640625 0.822371315625 0.192901059375 0.8170341499999999 0.23939547499999997 0.74819485625 0.0225358765625 0.6645432640625 0 0.7233984359375001 0 0.82158739375 0.46478072656249997 1 0.9641008984375 1 1 0.90647964375 1 0.8050881359375
0 0.74665400625 0.70710516875 0.7457158484375 0.708066565625 0.7442306000000001 0.7136209124999999 0.7463861140625 0.715625 0.746875 0.715625 0.746875 0.7102390859375001 0.74665400625 0.70710516875
0 0.75166599375 0.7275879484375001 0.75166599375 0.7276095296875 0.753684046875 0.7328125 0.7549151578125 0.7328125 0.771875 0.69708596875 0.771875 0.69588923125 0.7656280078125001 0.68496999375 0.75166599375 0.7275879484375001
0 0.838885703125 0.634375 0.8390625 0.634375 0.8390625 0.6284577234375 0.825397659375 0.6234375 0.825216328125 0.6234375 0.8240049218750001 0.6286405562499999 0.838885703125 0.634375
0 0.85505153125 0.66002289375 0.8611696078125 0.6609375 0.8679612265625 0.6609375 0.8703125 0.6310879046875 0.8703125 0.6281085046875 0.8601833265625001 0.6258804390625 0.85505153125 0.66002289375
0 0.8624653890625 0.6703125 0.8703125 0.6703125 0.8703125 0.6671875 0.864683209375 0.6671875 0.85877514375 0.667935421875 0.8624653890625 0.6703125
0 0.866961771875 0.673357459375 0.871875 0.6777253875 0.871875 0.6725511640625 0.8663830828125001 0.67269065625 0.866961771875 0.673357459375
0 0.8279103421875 0.6749253140625 0.84375 0.66787304375 0.84375 0.6632647125 0.82623385625 0.671250534375 0.8279103421875 0.6749253140625
0 0.7914048796875 0.66448011875 0.791142375 0.6677923296875 0.795391059375 0.66875 0.8120073624999999 0.66875 0.8119961 0.668544621875 0.7914048796875 0.66448011875
0 0.763829503125 0.6692505843750001 0.7752574171875 0.675 0.7765612484375 0.675 0.7765625 0.6749013453125 0.7765625 0.6477008578125 0.7626082265624999 0.6508895734375 0.763829503125 0.6692505843750001
0 0.7953884109375 0.64895024375 0.7910842546875 0.6587418171875 0.7963712703125 0.659375 0.8078125 0.659375 0.8078125 0.6503532671875 0.7953884109375 0.64895024375
0 0.825593246875 0.651523065625 0.82692091875 0.6609375 0.8312810703125001 0.6609375 0.84375 0.6595333953125 0.84375 0.6588708125 0.8293602296874999 0.6508347734375 0.825593246875 0.651523065625
0 0.735671596875 0.6501382734375001 0.733794434375 0.6534952625 0.7265625 0.6881080953125001 0.7265625 0.6890252625 0.730953765625 0.7 0.7313392671875001 0.7 0.7484375 0.6676903671875001 0.7484375 0.6646778203125 0.7361213515625 0.6501382734375001 0.735671596875 0.6501382734375001
0 0.8384436765625001 0.644512440625 0.839941203125 0.6484375 0.8421875 0.6484375 0.8421875 0.6457106718750001 0.8384436765625001 0.644512440625
0 0.797480109375 0.6438026390625 0.795915815625 0.646875 0.8074569796875 0.646875 0.8075840843750001 0.64542219375 0.797480109375 0.6438026390625
0 0.7671875 0.6466004453124999 0.7671875 0.6466132906250001 0.768526225 0.646875 0.78125 0.646875 0.78125 0.646667884375 0.7684957140625001 0.64473073125 0.7671875 0.6466004453124999