0 0 0.9978784203125001 0.036488596875 0.9984375 0.2032204421875 0.9984375 0.225 0.8717159171875 0.225 0.8643311015625 0.2219728375 0.8368365375 0.20693298906250002 0.830012159375 0.16194279843749998 0.985836478125 0.156658846875 0.9879315249999999 0.1555923765625 0.982225978125 0.1591964421875 0.9761645218749999 0.20151029375 0.8233556515625 0.1894763421875 0.8113342453125 0.182840821875 0.7906579359375 0.178574834375 0.767835703125 0.1768477828125 0.7498698140625 0.0011436546875 0.80148503125 0 0.8670049671875001 0 0.9978784203125001
0 0.23372564375 0.9151986687500001 0.22642256875000003 0.9026272531249999 0.2224598609375 0.89422855 0.22235715625000002 0.9984375 0.2419486328125 0.9984375 0.246875 0.9351758859375 0.246875 0.9309432671875 0.24304391406249998 0.9274509328124999 0.23372564375 0.9151986687500001
0 0.2762070890625 0.9595332484375 0.26560109375 0.9531565234375 0.2560997453125 0.943260825 0.24383897187499998 0.996875 0.2910948921875 0.996875 0.2921875 0.9838362484375001 0.2921875 0.961716578125 0.289068190625 0.9614960359375001 0.2762070890625 0.9595332484375
0 0.3360208046875 1 0.3671875 0.9870390515624999 0.3671875 0.9821292093749999 0.343335746875 0.9328265953124999 0.3331198984375 0.9490420609375001 0.3346102015625 0.9555369171875 0.3399063875 0.9627921046875001 0.3354187046875 0.9656473296874999 0.3292184421875 0.9540242781250001 0.32360974531250003 0.960206334375 0.31792756093749996 0.96546926875 0.3096101328125 0.96899980625 0.308323621875 0.9876021500000001 0.3116245390625 1 0.3360208046875 1
0 0.3861938484375 0.9236895765625001 0.3718013234375 0.9288942312499999 0.352155559375 0.9907789546875 0.3763290984375 0.9984375 0.3947399 0.9984375 0.405768475 0.954372446875 0.4125 0.9154158953125 0.4125 0.9132466031250001 0.4060462703125 0.9155804156249999 0.3861938484375 0.9236895765625001
0 0.47668788281249996 1 0.491400496875 0.9604043828125001 0.4914545859375 0.9559442546874999 0.487686759375 0.9484359484375 0.4838943609375 0.9382394234375001 0.4837714734375 0.9247984468749999 0.4892843125 0.915685496875 0.502937428125 0.9047255406250001 0.509375 0.8671942187499999 0.509375 0.8616251796875 0.44835449531249993 0.8895462875 0.43734847343750005 0.920296871875 0.43241074218750003 0.91969448125 0.4410154859375 0.8960352515625001 0.43206663125 0.8820597265625001 0.42736242031250005 0.9069952171875 0.42535437187499997 0.9052269031250001 0.4113004171875 0.990972396875 0.4574623671875 1 0.47668788281249996 1
0 0.5061510546875 0.9626274015625 0.5065497625 0.9984375 0.5484375 0.9984375 0.5484375 0.997776228125 0.5061510546875 0.9626274015625
0 0.51224900625 0.8349324234375001 0.5119920671875 0.847734128125 0.5111025671875 0.8533502078125 0.5084715703125 0.856919071875 0.5068126671875001 0.8562135109375 0.5098916984375 0.83677326875 0.502506725 0.8415106 0.498109346875 0.8828125 0.49996209687500004 0.8828125 0.5110676421875 0.87592963125 0.5214290015625 0.8682710281249999 0.5382322984375 0.857204278125 0.55485873125 0.8509808031249999 0.5625 0.8491480328125001 0.5625 0.8312026734375 0.5609199671875 0.80898506875 0.51224900625 0.8349324234375001
0 0.5605439343749999 0.81875 0.5611665218749999 0.81875 0.5671875 0.8036154453125001 0.5671875 0.7994855765625 0.56392600625 0.799928228125 0.5605439343749999 0.81875
0 0.579735921875 0.78515326875 0.5805672937499999 0.8456757250000001 0.5897532640625001 0.8465131109374999 0.6010362812500001 0.852246303125 0.6143736328125 0.8583453890625 0.6210539953125 0.8609375 0.625233821875 0.8609375 0.629507071875 0.8490638015625 0.6335572328125 0.8314160640624999 0.639355184375 0.8137073296875 0.6454749421875 0.79686264375 0.6508887453125001 0.7848568546875 0.6617010875 0.760408140625 0.675 0.74188909375 0.675 0.7402554796875 0.6480304390625 0.7280612390625001 0.579735921875 0.78515326875
0 0.6640625 1 0.6640625 0.9913937015625001 0.6622521828125 0.98148801875 0.6586761265625001 0.9870627328125 0.65388401875 0.9931180078124999 0.6481509484375 1 0.6640625 1
0 1 0.6643903359375 0.9677716703125 0.64834314375 0.9672516171875 0.65277316875 0.9637236843749999 0.6617446640625 0.9552403546875 0.6737050734375 0.9406903609375 0.6694373703125 0.9407979875000001 0.6653332515625 0.899830478125 0.6414443984375 0.891612240625 0.67239678125 0.88299124375 0.6659164609375 0.7857313046875001 0.732273403125 0.7784257375 0.75381444375 0.77691830625 0.7556241406249999 0.733373253125 0.7198602328125 0.7306356 0.7235697156249999 0.720381446875 0.739093796875 0.6962485578125001 0.7869566828125001 0.6818388546875 0.8199864515625 0.6582838140625 0.8689006078125001 0.647090421875 0.8882586281249999 0.6411986468750001 0.8952210484374999 0.62692841875 0.9099001624999999 0.62429174375 0.9420949953125 0.802505025 1 0.946164246875 1 1 0.8343105906250001 1 0.6643903359375
0 0.28056194375 0.81692999375 0.27335925781250003 0.8245291937499999 0.2835958265625 0.8375 0.285166578125 0.8375 0.2875 0.8355540890625001 0.2875 0.8331442875 0.28205036250000004 0.81692999375 0.28056194375 0.81692999375
0 0.2943109859375 0.8149773171874999 0.2965153484375 0.834375 0.29793230312499996 0.834375 0.3040394484375 0.8296392640624999 0.3171875 0.82115283125 0.3171875 0.816723078125 0.3138724984375 0.8022036140625 0.2943109859375 0.8149773171874999
0 0.3360665703125 0.7920106703124999 0.33127024843749997 0.7930315453125 0.3263850078125 0.7942967234375 0.3252003015625 0.795525503125 0.32089996875 0.8135351234374999 0.33315590781250004 0.8141907312500001 0.34311137187499996 0.815625 0.3453125 0.815625 0.3453125 0.8124627078125 0.3360665703125 0.7920106703124999
0 0.230504703125 0.734364509375 0.240740509375 0.742183603125 0.25135860781249997 0.7514743140625 0.2546296015625 0.7546875 0.255761221875 0.7546875 0.2578125 0.7523988375 0.2578125 0.7433087515625 0.2475992078125 0.7208932 0.230504703125 0.734364509375
0 0.265997434375 0.7465206921875 0.26613432812500004 0.753125 0.2687385875 0.753125 0.273676590625 0.7508072671875 0.2826651 0.7481940828125 0.290625 0.746824109375 0.290625 0.7454942499999999 0.26954364375 0.727420709375 0.265997434375 0.7465206921875
0 0.26518541875 0.7231037296875 0.26256023125 0.722531453125 0.26256023125 0.7227892453125 0.26502862656250004 0.728125 0.265625 0.728125 0.265625 0.72681730625 0.26518541875 0.7231037296875
0 0.43933539218749995 0.60045460625 0.42213144687500004 0.603687109375 0.4074432703125 0.6074301531249999 0.44053601093749994 0.6171875 0.4421875 0.6171875 0.4421875 0.6015385671875 0.43933539218749995 0.60045460625
0 0.5523440609375 0.574229784375 0.5454632546875 0.5777747375 0.5464853296875 0.5894571156249999 0.5441884124999999 0.5930915359375 0.5413315140625 0.579117190625 0.5159285046875 0.576434759375 0.5160195812499999 0.58004773125 0.5142319890625 0.5780088265625001 0.5128417890625 0.575496078125 0.5130778125 0.5798660453125 0.51151606875 0.5753925359375 0.48841741406250005 0.5739009296875001 0.48642297343749996 0.5745144640625 0.48554742031250003 0.577884025 0.48647854375 0.5835103578124999 0.4849269515625 0.5858414140625 0.4837626484375 0.580894084375 0.482922371875 0.5796504031249999 0.483555825 0.5835465359375 0.48216118281250003 0.5843271515625 0.48127993125 0.5775987890625001 0.4793588921875 0.57403484375 0.4785186171875 0.572791171875 0.4684350140625 0.5724165218749999 0.4684350140625 0.57792979375 0.469723721875 0.592659790625 0.47000233125 0.594172140625 0.4722372484375 0.5946351937500001 0.4769784078125 0.595318046875 0.4813294359375 0.5982303390625 0.48490466874999993 0.6023081625 0.48648546406250004 0.6069995546875 0.487359403125 0.61197226875 0.489478346875 0.61947046875 0.489640971875 0.6280179375 0.48910594375 0.633335703125 0.5108553265625 0.6390625 0.514182575 0.6390625 0.5166778875 0.629832859375 0.5245680640625 0.6154087328125 0.5334050984375 0.6043352734375 0.5413442203125001 0.6016787453125 0.55079376875 0.6013424828125 0.565226815625 0.6093990984375 0.565625 0.6095565515625 0.565625 0.6027422046875001 0.5630911390625 0.57378004375 0.5523440609375 0.574229784375
0 0.4520052109375 0.58142769375 0.4514849359375 0.5852152296875001 0.45015836875000004 0.5859295421875 0.4484459796875 0.586406825 0.44867570468749995 0.5885578390624999 0.44870599999999994 0.5922903765624999 0.44812938124999996 0.5952568234375 0.4473750234375 0.5980267031250001 0.4455455875 0.5979951484375 0.4445966265625 0.60625 0.4450652921875 0.60625 0.44711482968749994 0.6038091359375 0.45207432968749994 0.5982920359375 0.4553864234375 0.5956952796875 0.462925309375 0.592461884375 0.46869539531250004 0.5927733374999999 0.4703125 0.5932092734375 0.4703125 0.5862824921875001 0.4692417265625 0.5860743546875 0.4520052109375 0.58142769375
0 0.46875 0.5685627359375001 0.46875 0.5657947078125 0.46813998124999995 0.5661842874999999 0.46875 0.5685627359375001
0 0.461668365625 0.5647956093750001 0.44731031093749996 0.56963615 0.44797793906249994 0.5758358203125 0.44900128125 0.5770817328125 0.4504136265625 0.58125 0.4599408796875 0.58125 0.46875 0.5796196359375 0.46875 0.5685749921875 0.4676350171875 0.564828184375 0.461668365625 0.5647956093750001
0 0.4390625 0.5669677140625 0.4390625 0.5671231203125 0.4409824734375 0.571875 0.446875 0.571875 0.446875 0.570934490625 0.44445992187499994 0.5659425625 0.4390625 0.5669677140625