0 0 0.9998095796875001 0.20508992343750002 0.99937223125 0.22549314062499998 0.866842878125 0.22141251718750002 0.8349133921874999 0.2062558578125 0.8283525359375 0.16399202968749998 0.9849383093749999 0.158745446875 0.9871252546875 0.1575795625 0.9814391890625 0.1610772921875 0.97531575625 0.2007178171875 0.82179168125 0.1884758953125 0.8099821265625 0.181480534375 0.789424771875 0.17681689375 0.7666804671875 0.1747765578125 0.74874745625 0 0.803421271875 0 0.9998095796875001
0 0.23336940468749998 1 0.24910903125 0.934201009375 0.24561134999999998 0.9298271187499999 0.2383244796875 0.916268003125 0.23307792031250002 0.9027089078125 0.230477846875 0.8937937046875 0.21354910624999998 1 0.23336940468749998 1
0 0.2910103625 1 0.29479955156250004 0.9626313937500001 0.2898444765625 0.962194028125 0.2770195890625 0.96000708125 0.26652649687499996 0.9534462265625001 0.2571993015625 0.9433862140624999 0.24320851718749997 1 0.2910103625 1
0 0.3420184546875 0.9516966296874999 0.34085254374999996 0.958257484375 0.34289288125 0.9670053046874999 0.337646321875 0.9678800750000001 0.3364804375 0.9547583640624999 0.3289020828125 0.958257484375 0.32161521249999997 0.9608818343750001 0.3125794890625 0.9608818343750001 0.304126734375 0.9775027015625 0.3009906671875 0.999562934375 0.36067281875 1 0.3577580796875 0.9407618640625 0.3420184546875 0.9516966296874999
0 0.40047272500000003 0.907520203125 0.3946432484375 0.91189409375 0.378029171875 0.9254532093750001 0.3657872265625 0.9346384125 0.36509323125000004 0.999562934375 0.4083425625 1 0.40571928437500004 0.9490723171875001 0.40047272500000003 0.907520203125
0 0.491707534375 0.9425114609374999 0.4858780328125 0.9333262390625 0.48296329531250004 0.920204528125 0.4864609765625 0.9101445343749999 0.4975370359375 0.8965854375 0.49578818281250003 0.8524090125000001 0.4409909265625 0.8930863171875 0.43661881874999997 0.9254532093750001 0.43166374375 0.9258905937499999 0.435161425 0.9009593484374999 0.423502446875 0.88914979375 0.4240854140625 0.9145184437499999 0.42175359375 0.91320626875 0.4258342421875 1 0.49112459218750004 0.9989348093749999 0.49782849531249995 0.9534462265625001 0.4969540921875 0.9490723171875001 0.491707534375 0.9425114609374999
0 0.55029395625 1 0.5065195140625 0.9623033203125001 0.506281275 1 0.55029395625 1
0 0.5398532265625 0.8562294937500001 0.55530139375 0.84748169375 0.5637541500000001 0.8439825734375 0.5547184265625 0.8050548093750001 0.5107057453125 0.838296525 0.5124545984375 0.8509808140624999 0.5124545984375 0.8566668984374999 0.5104142859375 0.8606034031249999 0.5086654328125 0.8601660375 0.5086654328125 0.8404834703124999 0.5021124625 0.8463177421875001 0.5042933015625 0.8890337890625 0.515952303125 0.8789737953125 0.5249880265625 0.8697886078125 0.5398532265625 0.8562294937500001
0 0.5602054109375 0.8000437046875 0.5643371171875 0.8216756578125001 0.5646285765625 0.7976191828125 0.5602054109375 0.8000437046875
0 0.6221800640625 0.86212959375 0.627426621875 0.8490078828125001 0.6320902125 0.83151224375 0.6385026578125 0.8140166421874999 0.645206559375 0.79739579375 0.6510360609375 0.7855862578125 0.6626950640625 0.7615297828125 0.6775602640625 0.7422846015625 0.6501616343750001 0.7287254875 0.5799162359375 0.78339929375 0.5786348984374999 0.843913896875 0.5877860484374999 0.8450713578125001 0.5988621078125 0.8511948281249999 0.6119784796875 0.8577556656249999 0.6221800640625 0.86212959375
0 0.66535889375 1 0.662298240625 0.9814252234374999 0.6586254359375 0.986936678125 0.6537283796875 0.9929073953125 0.6476070468749999 1 0.66535889375 1
0 1 0.6276059828125 0.9118819359374999 0.614484253125 0.9127562890625001 0.6188581625 0.9121733703125001 0.6284807531250001 0.9078012140625 0.642477271875 0.8926445546874999 0.6429146390625 0.8914786703124999 0.6389781328125 0.8451341937500001 0.6289181390625 0.846882996875 0.6608951796875 0.8366814124999999 0.6573960640625 0.7646871359375 0.750560240625 0.7643956765625 0.77330453125 0.7635212515625 0.7754914765625001 0.7110557890625 0.754934140625 0.7095984203125 0.75930805 0.7046433453125001 0.7772410375 0.6964820484375001 0.83021881875 0.6929843671875 0.8660848390625 0.685697496875 0.9198838734375 0.6810339062499999 0.94175339375 0.6775820015625 0.9501957078125001 0.6685463031250001 0.9685661171875 0.6759874265625 1 1 1 1 0.6276059828125
0 0.2753460390625 0.8230831249999999 0.28026039375 0.839910140625 0.28511129375 0.8383502828125 0.2863240109375 0.8180721953125 0.2753460390625 0.8230831249999999
0 0.3159491359375 0.8029936140625 0.29515956718749997 0.8136526078124999 0.29533281875 0.834190690625 0.303302146875 0.8292511359375 0.3182013640625 0.82171184375 0.3159491359375 0.8029936140625
0 0.327609825 0.795982834375 0.3234519171875 0.7988425640625 0.322758925 0.8004024328125 0.3248775859375 0.818796740625 0.3366186328125 0.8152210312499999 0.3503050875 0.8123613109375001 0.3317677328125 0.7933830875 0.327609825 0.795982834375
0 0.25660348437499997 0.7546008984375 0.254697775 0.7234038453125 0.23391099531249998 0.729854275 0.24066482968749997 0.7408222125 0.24724818750000002 0.7533010250000001 0.2495003859375 0.7582405578125 0.25660348437499997 0.7546008984375
0 0.27063644375 0.727563459375 0.2654390546875 0.7462816906249999 0.2649193140625 0.754080953125 0.272715390625 0.751221234375 0.28189745 0.74940139375 0.2912527609375 0.7486214859375 0.27063644375 0.727563459375
0 0.26459448750000003 0.7300441328125 0.26650232812499997 0.7230458843750001 0.2641705296875 0.7214553718750001 0.26459448750000003 0.7300441328125
0 0.44475289843750004 0.602626571875 0.4398686234375 0.6006720515625 0.42261088437499994 0.6036038125000001 0.40785961875 0.6070899421875 0.443450415625 0.618262578125 0.44475289843750004 0.610933175 0.44475289843750004 0.602626571875
0 0.5337378984375001 0.6055582921875 0.5418783406250001 0.6036038125000001 0.5513212375000001 0.6040924125 0.5649971828125 0.6133762953125 0.5659740375 0.6138649359375 0.5659740375 0.57770664375 0.5552286578125 0.5772180031249999 0.548065071875 0.5801497640625 0.548065071875 0.5918767671875 0.5454601343750001 0.5952971687499999 0.5438320515624999 0.5811270046875 0.5187594984375 0.5762407625 0.5185353359375 0.5798479234375 0.5169322484375 0.5776609781250001 0.5157663390625 0.575036628125 0.5156205968750001 0.5794105375 0.5144546875 0.5748179359375001 0.49157393281250006 0.571318825 0.4895336078125 0.5717562 0.48836771093750003 0.575036628125 0.4888049234375 0.580722703125 0.48705607031250003 0.5829096578125 0.4863273859375 0.5778796796875 0.48559870156249996 0.5765674953125 0.4858901734375 0.5805040109374999 0.484432803125 0.58116010625 0.48414132031249996 0.574380540625 0.482538209375 0.5706627281250001 0.48180952499999996 0.5693505531249999 0.4713164328125 0.568038396875 0.4713164328125 0.588377040625 0.4714621734375 0.5899079171875 0.47364822812499996 0.5905639953125 0.47831183125 0.59165746875 0.4823924796875 0.5949378953125 0.48559870156249996 0.5993118046875 0.4867646 0.60412311875 0.48720181250000005 0.6091530796875 0.48865918124999996 0.616807425 0.4880762265625 0.6253365421875 0.4870797609375 0.630587440625 0.511270284375 0.6392735046875 0.514852078125 0.62950098125 0.523969375 0.6158194156250001 0.5337378984375001 0.6055582921875
0 0.46232004531250004 0.5907701515625 0.468043546875 0.5899748984375 0.47026935937500003 0.590133940625 0.47026935937500003 0.5832947500000001 0.46730161406250004 0.5832947500000001 0.4494951578125 0.5820223421875 0.4497071375 0.5858395640625 0.4485412390625 0.5867938734375 0.44695138125 0.5875891265625001 0.44758731875 0.5896567875 0.448329259375 0.5933149671875 0.448329259375 0.5963369359375 0.4481172796875 0.5991998625 0.44631543437500004 0.5995179609375 0.4470094265625 0.6084512078125 0.44896520625 0.6049257031249999 0.452780875 0.5985636515625 0.45553663125000005 0.5953826265625 0.46232004531250004 0.5907701515625
0 0.46931543906249995 0.568343946875 0.4694214328125 0.5708887671875 0.46910345937500003 0.5669124890624999 0.463273965625 0.5656400890625 0.448223265625 0.56738964375 0.44758731875 0.5735926453125 0.448329259375 0.5750240953125 0.449049053125 0.5811347734375001 0.4705873328125 0.5817042375 0.47005737031250006 0.5775689234375 0.4705873328125 0.5678667921875 0.46931543906249995 0.568343946875
0 0.44045348281249996 0.5713008578125 0.446263034375 0.5737516874999999 0.44605105468749995 0.5670715390625001 0.44064551874999996 0.56579913125 0.44045348281249996 0.5713008578125