0 0.20439094375 0.8031241890624999 0.1879486875 0.801568109375 0.19614106250000002 0.9635502703125001 0.19182706875 0.9672514624999999 0.1889611578125 0.9622039703124999 0.19039545 0.95529938125 0.1806542828125 0.7970397140625 0.1653621703125 0.789591121875 0.15235661250000002 0.7722016015625 0.1408928515625 0.7520116265625 0.13341077031249998 0.73558681875 0.00020843593749999997 0.8301466234375001 0.00020843593749999997 0.89122100625 0.0350451859375 0.9984375 0.136229571875 0.9984375 0.2390625 0.9647824484375 0.2390625 0.9607373625 0.2181385984375 0.8322299531249999 0.20439094375 0.8031241890624999
0 0.23372564375 0.9151986687500001 0.22642256875000003 0.9026272531249999 0.2224598609375 0.89422855 0.22235715625000002 0.9984375 0.2419486328125 0.9984375 0.246875 0.9351758859375 0.246875 0.9309432671875 0.24304391406249998 0.9274509328124999 0.23372564375 0.9151986687500001
0 0.275011578125 1 0.2984375 0.9895701078125001 0.2984375 0.9850435781250001 0.2879987890625 0.9533126875000001 0.28329421093749996 0.9549285453125 0.27068858125 0.9581470218750001 0.2584341265625 0.9564213078125 0.245821534375 0.9510247406250001 0.2545619328125 1 0.275011578125 1
0 0.3560655203125 1 0.3609375 0.95502915 0.3609375 0.9458614828125 0.3447291359375 0.95369300625 0.342551234375 0.9599906984375 0.3431979921875 0.968949996875 0.33787918281249996 0.9689932546875 0.3387803390625 0.955850709375 0.33074790468750004 0.958121234375 0.32314020781249997 0.95957335625 0.3142157296875 0.9581598578125 0.303266965625 0.9732537921875 0.29722435156250004 0.9929067046875 0.29722435156250004 0.994635753125 0.3295585515625 1 0.3560655203125 1
0 0.382452675 0.9052740671875 0.378686165625 0.911513228125 0.368361196875 0.9303087640625 0.36045150000000004 0.9434110499999999 0.3820023640625 0.9984375 0.3979712390625 0.9984375 0.421875 0.9890596078125 0.421875 0.9826592281250001 0.402882896875 0.9418351203125 0.382452675 0.9052740671875
0 0.435625528125 0.9255061687499999 0.430678840625 0.926029965625 0.43374087812499995 0.9010414734375001 0.42187757187499997 0.8894371953125001 0.42290319375 0.9147918078125 0.420548828125 0.9135205281250001 0.42602796718749997 0.9984375 0.47920331718750003 0.9984375 0.4914054296875 0.9980253203125 0.496875 0.9558176421875 0.496875 0.9504121453125001 0.496363821875 0.948068684375 0.49100356093749997 0.9416003921874999 0.4850146421875 0.9325183078125001 0.48187134374999996 0.9194494656250001 0.48519292031249994 0.9093299609375001 0.49603065468749996 0.8955796250000001 0.49351805000000004 0.8515625 0.493352525 0.8515625 0.4394320890625 0.893067903125 0.435625528125 0.9255061687499999
0 0.5404569953125 1 0.5132766578125 0.9569490421875001 0.5020273875 0.9929289015625 0.5251559078125 1 0.5404569953125 1
0 0.5090798828125 0.84451336875 0.514257253125 0.856224240625 0.5158245499999999 0.86169005625 0.5149483234375001 0.866036453125 0.5131466640625 0.8660980796875 0.5077214125 0.84717798125 0.5030304359375 0.8545924859375 0.516454353125 0.89375 0.51775371875 0.89375 0.5253353734374999 0.8821687234375 0.5314892875 0.870848771875 0.5420412359375 0.8537175093749999 0.554479746875 0.841050490625 0.5609375 0.8359160265625001 0.5609375 0.8340921859374999 0.5422249296875 0.8004278421875 0.5090798828125 0.84451336875
0 0.562264865625 0.7972510984375 0.5584424421875 0.800542265625 0.5654439890625 0.8171875 0.565625 0.8171875 0.565625 0.8140579859375 0.562264865625 0.7972510984375
0 0.575 0.8369069078125 0.575 0.839745609375 0.5837135250000001 0.8416309156249999 0.5942137421875 0.8486964265625 0.6067083875 0.856375465625 0.6152139671875 0.8609375 0.6168355421875 0.8609375 0.6228601640625 0.8490073640625001 0.629030853125 0.8319847609375 0.6369437390625 0.815114615625 0.6450707328124999 0.7991412984374999 0.6519073203125 0.7878847765625 0.6656186171875 0.7649359921875 0.68125 0.7479862859375 0.68125 0.7465394265625 0.6561329671875 0.73125 0.655859259375 0.73125 0.581248734375 0.7795076328125 0.575 0.8369069078125
0 0.6590882453125 1 0.6671875 0.9976775765625 0.6671875 0.9959507453124999 0.6598459703125 0.9804593968749999 0.65783460625 0.986769709375 0.65477300625 0.9938589421874999 0.6519359453125 1 0.6590882453125 1
0 1 0.6304575609375 0.9151414609374999 0.61630320625 0.9159393453125 0.620691709375 0.9151885796875 0.6303026609375 0.9105728140625 0.6442207437499999 0.8954108296875001 0.6443935234375 0.894313825 0.6404372703125001 0.848151978125 0.6295699859375 0.8493424390625 0.6615726765625001 0.839203475 0.6578960515625 0.765594225 0.749789565625 0.76490586875 0.77252530625 0.763993409375 0.7746966578125 0.7118947125 0.753226803125 0.7103612312500001 0.7575746125 0.7050939359374999 0.775418390625 0.6960092921875 0.8282456687499999 0.6918861953125 0.8640451828125 0.6836615109374999 0.91770885 0.67861695625 0.9394936484375 0.6750182375 0.9478744328125 0.665663309375 0.96608435 0.6725547015625 0.9976433109375 0.80756934375 1 0.9965754953125 1 1 0.8038102609375001 1 0.6304575609375
0 0.279244584375 0.8390625 0.2800907953125 0.8390625 0.28428617031250003 0.838335890625 0.2859375 0.8301627453125 0.2859375 0.819128025 0.276740728125 0.821858253125 0.279244584375 0.8390625
0 0.2905898859375 0.829303415625 0.2905898859375 0.82939339375 0.29970057968749997 0.8273249171874999 0.3162426203125 0.8250470875 0.31875 0.8133899250000001 0.31875 0.8068239421875001 0.297080003125 0.8099252546875 0.2905898859375 0.829303415625
0 0.3246160265625 0.79861805625 0.3214074375 0.8025130781250001 0.3211712484375 0.8042035359374999 0.32721753750000004 0.81875 0.332215971875 0.81875 0.3385786140625 0.814627834375 0.35 0.8086055390625001 0.35 0.80756703125 0.32789627656250003 0.7949729453125001 0.3246160265625 0.79861805625
0 0.240522521875 0.74034356875 0.24621936406249997 0.753251215625 0.2473412078125 0.75625 0.253004375 0.75625 0.2546875 0.755531015625 0.2546875 0.7241932906249999 0.2345502234375 0.728931225 0.240522521875 0.74034356875
0 0.268702921875 0.7498662031250001 0.2702869140625 0.7546875 0.274020990625 0.7546875 0.2772998078125 0.7517203046875001 0.2851315421875 0.7465933171875 0.2921875 0.7430344343749999 0.2921875 0.7417861343750001 0.266509884375 0.730563984375 0.268702921875 0.7498662031250001
0 0.2651281 0.7231741296875 0.2626027640625 0.7227153000000001 0.2626027640625 0.7231674499999999 0.26510981875 0.728125 0.265625 0.728125 0.265625 0.7264022578125 0.2651281 0.7231741296875
0 0.4419856109375 0.598173275 0.4367735796875 0.5974584265625 0.4207377265625 0.6044781265625 0.40726800625 0.6114293562500001 0.42514104062499997 0.6125 0.44375 0.6125 0.44375 0.6052498515625 0.4419856109375 0.598173275
0 0.5428840390625 0.5654305749999999 0.5373403375 0.5708323828124999 0.5417333484375 0.5817054703125 0.540599396875 0.5858526390625001 0.5337816296875 0.5733241812500001 0.5087043437500001 0.5781860812499999 0.50984776875 0.5816145546875 0.5075421703125 0.58018738125 0.505478059375 0.578190884375 0.506981425 0.5823008984375 0.50417999375 0.57847946875 0.4816545375 0.58380643125 0.4799266234375 0.584976278125 0.48007449375 0.5884545906249999 0.482609909375 0.5935628453125 0.48180765000000003 0.5962456859375 0.4792477625 0.591854940625 0.47808058593749997 0.5909112750000001 0.47982547656249996 0.5944519609375 0.47872000468750003 0.5956062234374999 0.475910075 0.5894295109375001 0.47303097968749996 0.5865829515625001 0.47186380781250004 0.58563929375 0.46164323906250004 0.5883534640625 0.46926222968750003 0.6072111265625 0.46997083437500003 0.6085759359375 0.47224347968749997 0.6083653296875 0.47697711875 0.6076321640625 0.48198949999999996 0.6091450859374999 0.486600753125 0.61199943125 0.48948410625000005 0.6160236515624999 0.4917737390625 0.6205235671875 0.49599235625000004 0.6270746125 0.49864691250000004 0.6352010499999999 0.49969002656250006 0.64044288125 0.5253729468749999 0.6394345296874999 0.525033075 0.629031840625 0.5283612828125 0.6129311140625 0.5335746140625 0.5997578140625001 0.540390140625 0.5948961875000001 0.5493284734375 0.5918118390625 0.56548639375 0.59529660625 0.565625 0.595307696875 0.565625 0.5930319875000001 0.5530300312499999 0.56185834375 0.5428840390625 0.5654305749999999
0 0.45506824999999995 0.5803248062499999 0.4537093 0.5838982328125 0.4522560453125 0.5842958234375 0.45048017968750004 0.5843756703125 0.45022014375 0.5865232312499999 0.449410025 0.5901669203125001 0.4481808796875 0.592927625 0.44682276875 0.59545681875 0.44504731875000003 0.595014540625 0.4421875 0.603064596875 0.4421875 0.603125 0.44248970468750004 0.603125 0.44526847968750005 0.6010325171875001 0.45134194531249994 0.5967724671875 0.45515329375 0.5949873234374999 0.4632263140625 0.5935326796875 0.46877845156250003 0.5951341375 0.47074714375 0.59618475 0.4734375 0.5901421124999999 0.4734375 0.5898961484374999 0.47081772343750006 0.588729746875 0.45506824999999995 0.5803248062499999
0 0.45035458593750005 0.5649069546875001 0.448134853125 0.5707340000000001 0.4484810265625 0.572308703125 0.44759473437499997 0.5783974609375 0.4572157875 0.58125 0.46869395156250004 0.58125 0.4688101203125 0.5803904671875 0.4703125 0.5758011390625 0.4703125 0.5720410078125 0.46992480312499996 0.5737733390625 0.4703125 0.571666725 0.4703125 0.5696776125 0.4653452640625 0.5671124234375 0.45035458593750005 0.5649069546875001
0 0.440127678125 0.5660163953125 0.43964796718750004 0.57150053125 0.4436417796875 0.5734375 0.44375 0.5734375 0.44375 0.567071909375 0.440127678125 0.5660163953125