0 0.22185544687499997 1 0.234091125 0.9413464640625 0.22185544687499997 0.936100096875 0.202627896875 0.9291049828125001 0.20612376718749997 0.8993759234375001 0.192140021875 0.8224299500000001 0.17990434375 0.7734644296875001 0.0627909765625 0.7822082859374999 0.064538909375 0.80669098125 0.0033602578124999997 0.794449634375 0.0048076515625 0.996940559375 0 1 0.22185544687499997 1
0 0.36344030312500003 1 0.3459606875 0.9430952093749999 0.3214892 0.937848840625 0.3214892 0.953587809375 0.316245396875 0.9570854343749999 0.3129370234375 1 0.36344030312500003 1
0 1 0.8434152890625001 0.95949515625 0.8049422359375 0.8371378515625001 0.8049422359375 0.823154103125 0.885385696875 0.823154103125 0.906371034375 0.8196582359375 0.9343513515625 0.7934388125 0.9430952093749999 0.8111887718749999 0.996940559375 1 1 1 0.8434152890625001
0 0.5172609718750001 0.8521591468749999 0.4927894828125 0.846912778125 0.49650345625 0.9707167859375 0.536488521875 0.97632189375 0.550472134375 0.8434152890625001 0.5172609718750001 0.8521591468749999
0 0.5644558796875 0.8381689203124999 0.562062896875 0.9707167859375 0.5854313624999999 0.8801394609375001 0.571447753125 0.8381689203124999 0.5644558796875 0.8381689203124999
0 0.4088872765625 0.8539078890624999 0.401895403125 0.8539078890624999 0.4088872765625 0.901124665625 0.3916083515625 0.9226398625 0.407139340625 0.972824271875 0.42461895624999996 0.9588341781249999 0.4088872765625 0.8539078890624999
0 0.4560823171875 0.848661521875 0.43312933124999997 0.8461538484375 0.44559444218750005 0.901124665625 0.4560823171875 0.9151148921875001 0.4560823171875 0.848661521875
0 0.4735619328125 0.8504102671875 0.46657005937499996 0.9221100046874999 0.45258631562499996 0.9308538625 0.46153842031250003 0.957604896875 0.4788057375 0.9675780359375 0.47530986718749996 0.8521591468749999 0.4735619328125 0.8504102671875
0 0.24300695156250002 0.8024475546875 0.2236033828125 0.8101886031250001 0.237587128125 0.8748930937500001 0.25506674218750003 0.8731443515624999 0.24300695156250002 0.8024475546875
0 0.7497397734375 0.825927575 0.7444958359375 0.8539078890624999 0.767482478125 0.8570804203125 0.77421139375 0.8084398578125 0.7602276484375 0.8084398578125 0.756731778125 0.8189324609374999 0.7497397734375 0.825927575
0 0.6798213125 0.9430952093749999 0.662587371875 0.999125875 0.697300928125 1 0.697300928125 0.9430952093749999 0.6798213125 0.9430952093749999
0 0.6079545046875 0.9838286734375 0.6361222734374999 0.92385875 0.627382465625 0.91161726875 0.6079545046875 0.9838286734375