0 0.19390187812499998 1 0.20688692656250002 0.9798383625 0.197344065625 0.97055558125 0.1819004265625 0.9571345421874999 0.1958180453125 0.9306328828125 0.21033806562500001 0.8537863015625 0.215625 0.8105407031249999 0.215625 0.8034363578124999 0.103994484375 0.7698815906250001 0.0968525046875 0.793364559375 0.04412421875 0.760011809375 0.0002792484375 0.8767184625000001 0.0002792484375 0.963355546875 0.0957413140625 1 0.19390187812499998 1
0 0.32692165 0.9493011109375 0.3208536703125 0.9510071281249999 0.3046875 0.9902130124999999 0.3046875 0.9908774625 0.327954896875 0.9984375 0.352605934375 0.9984375 0.353125 0.9662697203124999 0.353125 0.94670283125 0.3317852578125 0.9343324640624999 0.32692165 0.9493011109375
0 0.9672549968749999 1 0.9984375 0.9265386265625001 0.9984375 0.8517654765625 0.9922358171875001 0.8374846390625 0.879605325 0.7896758312500001 0.8353014515625 0.8582605421875 0.8271018281250001 0.877577646875 0.812951084375 0.9019677203124999 0.7853994796875 0.8997717390625001 0.78069935 0.9562721078124999 0.8792454046874999 1 0.9672549968749999 1
0 0.507399928125 0.841921834375 0.48529244218749995 0.96379260625 0.520416103125 0.9765625 0.523571890625 0.9765625 0.5625 0.856798275 0.5625 0.8505921093750001 0.5302458750000001 0.852141465625 0.507399928125 0.841921834375
0 0.561949490625 0.838976175 0.5641370125 0.96875 0.5647977234375 0.96875 0.584375 0.880197921875 0.584375 0.8801838875 0.56893710625 0.8387321625 0.561949490625 0.838976175
0 0.382058484375 0.8590661234375 0.40404170937500006 0.9014341312499999 0.394708828125 0.9274026171875001 0.42496628750000004 0.96875 0.4263943890625 0.96875 0.4359375 0.953670265625 0.4359375 0.9474869703125 0.3886694296875 0.8567897921875 0.382058484375 0.8590661234375
0 0.4450646015625 0.915625 0.4455886234375 0.915625 0.465625 0.853959378125 0.465625 0.853100809375 0.44485244062499996 0.84375 0.444812103125 0.84375 0.43968180468750007 0.8998648453125 0.4450646015625 0.915625
0 0.4620258578125 0.9216293328124999 0.44589486093749997 0.9250631484375 0.4453125 0.947340796875 0.4453125 0.95344725 0.45552737656250003 0.965625 0.458934778125 0.965625 0.49375 0.86013815 0.49375 0.8579994984375 0.4931188234375 0.8566449796875 0.4620258578125 0.9216293328124999
0 0.21927035625000002 0.8134892640625001 0.24372872656250003 0.8734375 0.24905824375000002 0.8734375 0.259375 0.8705350421875 0.259375 0.8649564703125 0.237034921875 0.802496425 0.21927035625000002 0.8134892640625001
0 0.7622653671874999 0.8184344984375 0.7533025624999999 0.8226163484375 0.7388050421875 0.8471157109374999 0.7590435296875 0.8578125 0.7593977390625 0.8578125 0.778125 0.82240743125 0.778125 0.8130409359374999 0.76913909375 0.809770334375 0.7622653671874999 0.8184344984375
0 0.6625 0.9983947578125001 0.6625 0.9984375 0.696875 0.9984375 0.696875 0.943352475 0.6805802187500001 0.9430680499999999 0.6625 0.9983947578125001
0 0.59530443125 0.9734375 0.5958735703125 0.9734375 0.64375 0.9320523796875 0.64375 0.9300811093749999 0.64108656875 0.9170190406250001 0.59530443125 0.9734375