0 0.1338923546875 1 0.22370601875 0.998432296875 0.234375 0.9424156078125 0.234375 0.9393532046875 0.22259081093750002 0.9345421249999999 0.20324410781250002 0.9278836437500001 0.20622060156250002 0.8980981015625 0.1908960953125 0.821407896875 0.1778077140625 0.7726633765625001 0.060864784375 0.7834498109375 0.063039734375 0.807898271875 0.001656759375 0.796726503125 0.0066378859375 0.999161328125 0.005369415625 1 0.1338923546875 1
0 0.353125 1 0.353125 0.9859904265624999 0.3516869046875 0.946308925 0.3294071234375 0.9349076359374999 0.325333578125 0.9501103125 0.3193632015625 0.9521315625 0.3050604515625 0.9927275796874999 0.332201496875 1 0.353125 1
0 1 0.8498142390625001 0.9741464375 0.8160891421875001 0.8532955546875 0.79694824375 0.8268998390625001 0.8742137718749999 0.8236170093749999 0.8949407453125 0.8157870968750001 0.922029703125 0.7885226375000001 0.9265642890624999 0.7976307968749999 0.9825234187499999 0.8974756625 1 0.9860275609375 1 1 0.911781496875 1 0.8498142390625001
0 0.514176315625 0.8408625171875 0.47945097187499996 0.95975480625 0.513942821875 0.9765625 0.5161384906250001 0.9765625 0.5671875 0.8619379859375 0.5671875 0.8551948109374999 0.53582886875 0.8534142156250001 0.514176315625 0.8408625171875
0 0.5409948234375 0.9625 0.54125645 0.9625 0.5921875 0.8854538609375 0.5921875 0.84093520625 0.5860889265625 0.8388352984375 0.5409948234375 0.9625
0 0.3806386890625 0.8592500640624999 0.4040871453125 0.900825059375 0.3956662359375 0.9271034390624999 0.4272049375 0.9671875 0.4288529078125 0.9671875 0.4390625 0.9497350421874999 0.4390625 0.9483705109375 0.387166165625 0.8567444 0.3806386890625 0.8592500640624999
0 0.4425476265625 0.845896575 0.420439465625 0.8525566953125001 0.45339247031249996 0.8982870921874999 0.46441482343749996 0.9046875 0.4671875 0.9046875 0.4671875 0.9039444796874999 0.4425476265625 0.845896575
0 0.46488516874999997 0.9224430921875 0.449595515625 0.9286258593750001 0.45376634843749997 0.9565250015625001 0.46460762187500004 0.965625 0.4695799046875 0.965625 0.484375 0.8637743453125 0.484375 0.8532663218750001 0.48422135 0.8530467609375 0.46488516874999997 0.9224430921875
0 0.2131713265625 0.8188904171875 0.251943140625 0.871875 0.253031653125 0.871875 0.265625 0.86468805625 0.265625 0.8607611171875 0.2277488 0.8039264765624999 0.2131713265625 0.8188904171875
0 0.758498653125 0.8190464437499999 0.751035725 0.8255367796874999 0.7438527546875 0.8530831359375 0.7663768015625 0.8578125 0.766570278125 0.8578125 0.775 0.8177283828125 0.775 0.809682103125 0.762717934375 0.8088232578125 0.758498653125 0.8190464437499999
0 0.673970428125 1 0.6984375 0.9976192890625001 0.6984375 0.980893971875 0.693531915625 0.9409411953125 0.6761825906250001 0.943071425 0.66604526875 1 0.673970428125 1
0 0.6045954874999999 0.98125 0.6048370875 0.98125 0.6390625 0.9268153859374999 0.6390625 0.9255759250000001 0.632241021875 0.9130253609375 0.6045954874999999 0.98125