0 0 0.9936620265625 0.13675166562500002 0.9984375 0.35625 0.9984375 0.35625 0.9974088453125001 0.30504070625 0.8843806843750001 0.2462946375 0.9138262203125 0.238246453125 0.9940378000000001 0.2277651 0.9936717828124999 0.2138969765625 0.8899470640624999 0.1199917484375 0.874418878125 0.11227175781250001 0.8951474203125 0.0914921453125 0.8891722140624999 0.0993341953125 0.8649483140625 0.07776104375000001 0.8816933375 0.0614057296875 0.94936588125 0.0436926390625 0.9557467046875001 0.0314642796875 0.95531968125 0.0778071125 0.7802044546875 0.062695328125 0.762178365625 0.06860741249999999 0.7431367015625 0.0042298859375 0.737388765625 0 0.8647434328125 0 0.9936620265625
0 0.0866513390625 0.8059764843749999 0.0925406296875 0.8625 0.0942537421875 0.8625 0.1015625 0.8500191875 0.1015625 0.81190954375 0.1005250953125 0.79260008125 0.0866513390625 0.8059764843749999
0 0.20385526406249999 0.79269425 0.1217089203125 0.796370275 0.12442809375 0.8607578281249999 0.1969476578125 0.865625 0.215625 0.865625 0.215625 0.8573811687499999 0.20385526406249999 0.79269425
0 0.283152790625 0.8455741265625001 0.27762711875 0.845423921875 0.27585993750000004 0.788950609375 0.2476330125 0.789842984375 0.2270455234375 0.85969591875 0.24804429374999998 0.875 0.26504259375 0.875 0.2918027390625 0.8729155546875 0.283152790625 0.8455741265625001
0 0.953195646875 0.8204263171875 0.9061154359374999 0.8171341484375001 0.9232941671875 0.8972222828125 0.9035036484375001 0.9046036031250001 0.884739075 0.8471940390625001 0.7932126203125 0.853065259375 0.781602103125 0.9188688796875001 0.76939623125 0.9180153609374999 0.7815807140625 0.8189440546875 0.76661915 0.80737961875 0.7564513703125 0.7523242796875 0.75621445 0.931117990625 0.749117490625 0.9323747390625 0.7265715421875 0.92904515625 0.704506096875 0.743432734375 0.6554240359375 0.8188875296875 0.6804170703125 0.962631571875 0.6579928453125 0.9575574874999999 0.6404482828125 0.882702815625 0.6198897203125 0.8760061765625 0.6179379125 0.903918334375 0.6057320421875 0.9030648171875001 0.5924784437499999 0.8670772 0.503427603125 0.8626031749999999 0.4914870921875 0.958185509375 0.48378045781249995 0.9681648328125 0.4682090828125 0.9653229624999999 0.470089078125 0.8883205562500001 0.4140969359375 0.8370731296875 0.3805502796875 0.890824603125 0.3654668625 0.881004659375 0.423475565625 0.7781255015624999 0.390711140625 0.7705752109375 0.3681147546875 0.818080340625 0.3511656734375 0.8098829515625001 0.36260376875 0.7966585265624999 0.35997033749999996 0.7842030062500001 0.3539713953125 0.7697592656250001 0.3070134484375 0.7647224984375 0.34855375624999996 0.8973523999999999 0.3305067796875 0.9048556390625 0.363927678125 0.9747562453124999 0.6662803890625 0.9984375 0.9918648624999999 0.9984375 0.9984375 0.9044443953125001 0.9984375 0.87059120625 0.9909828484375 0.8563763421875 0.953195646875 0.8204263171875
0 0.2948068296875 0.77524479375 0.3435698578125 0.7890625 0.346028653125 0.7890625 0.3578125 0.7512401484375 0.3578125 0.7472139328125 0.31663855 0.7497081921875 0.2948068296875 0.77524479375
0 0.45432678125 0.7807321453125 0.427703240625 0.7811001265625 0.42969708906250004 0.8578125 0.45848939062499994 0.8578125 0.4712519234375 0.8574244390624999 0.490625 0.8506650312499999 0.490625 0.8487724140624999 0.4694096671875 0.775931053125 0.45432678125 0.7807321453125
0 0.8662251421875 0.7992065937499999 0.818304434375 0.746780415625 0.817379196875 0.746780415625 0.79375 0.812408840625 0.79375 0.8125874453125 0.865517971875 0.8296875 0.8703125 0.8296875 0.8703125 0.827065475 0.8662251421875 0.7992065937499999
0 0.570057559375 0.8420361171874999 0.5606552375 0.8424976578125 0.54736181875 0.7898324359375 0.5226262125 0.775766615625 0.491372996875 0.8363318281250001 0.577987103125 0.8703125 0.5853465265625 0.8703125 0.5875 0.8199857906249999 0.5875 0.8052968999999999 0.5716387796875 0.79449250625 0.570057559375 0.8420361171874999
0 0.39156868437500003 0.7450191046875 0.3852520734375 0.7609375 0.421647925 0.7609375 0.4107477828125 0.7364633375 0.39156868437500003 0.7450191046875
0 0.3801050546875 0.796433328125 0.395676515625 0.8125 0.3982137578125 0.8125 0.421875 0.7858894000000001 0.421875 0.7830742468749999 0.39366030625000004 0.77409313125 0.3801050546875 0.796433328125
0 0.658615546875 0.7545285453125 0.6386961453125 0.7786460328125 0.6381967296875 0.796875 0.6386889250000001 0.796875 0.68125 0.74435165 0.68125 0.7415976046874999 0.668052375 0.7369646140625 0.658615546875 0.7545285453125
0 0.757984871875 0.7357169031249999 0.75006363125 0.7865925703125 0.76300499375 0.7953125 0.7645280156250001 0.7953125 0.775 0.7446728953124999 0.775 0.737728525 0.7630337015624999 0.7357169031249999 0.757984871875 0.7357169031249999
0 0.6187381765625 0.8203112234375001 0.6044329171875 0.8270864281250001 0.6128819046875 0.8441838984375 0.6447290625 0.853125 0.646875 0.853125 0.646875 0.8519908703124999 0.6187381765625 0.8203112234375001