0 0.3651882375 1 0.30575751875 0.8801394609375001 0.24807487031250003 0.91161726875 0.2428309328125 0.9920608625 0.23234319062500003 0.9920608625 0.214863575 0.8888833203125 0.120473625 0.8766418390625 0.113481753125 0.897627178125 0.0925062671875 0.8923808093750001 0.0994981390625 0.8678979828125 0.078522521875 0.885385696875 0.064538909375 0.953587809375 0.0470592953125 0.9605829234375 0.0348234828125 0.9605829234375 0.0750266515625 0.78395703125 0.059294971875000005 0.7664693171875 0.064538909375 0.7472329234374999 0 0.7437352328125 0.0004370234375 1 0.3651882375 1
0 0.1117338171875 0.7961983781249999 0.0944055546875 0.8046328671874999 0.0820185234375 0.862651746875 0.0977502046875 0.848661521875 0.1117338171875 0.7961983781249999
0 0.1257175625 0.7927008890625 0.12281464375 0.8570804203125 0.214863575 0.8713956062499999 0.2078717015625 0.7961983781249999 0.1257175625 0.7927008890625
0 0.28652997187499996 0.839917665625 0.281286165625 0.8416664109375 0.2603105484375 0.7892032671875 0.234091125 0.799696003125 0.238636325 0.872377625 0.2655544859375 0.8801394609375001 0.30400958437500003 0.862651746875 0.28652997187499996 0.839917665625
0 1 0.8504102671875 0.9892104500000001 0.832922553125 0.9490075484375 0.799696003125 0.901812371875 0.799696003125 0.924535925 0.8783907187500001 0.905308509375 0.8871345749999999 0.88258495625 0.8311738078124999 0.791691009375 0.8434152890625001 0.7846990046875 0.9098685234375001 0.7724633265625 0.9098685234375001 0.7777072640625 0.8101886031250001 0.7619754515625 0.799696003125 0.7479919734375 0.7454840453125 0.7602276484375 0.92385875 0.75323564375 0.9256074953125 0.7305123578125 0.92385875 0.6955529921875 0.740237678125 0.6518539546875 0.8189324609374999 0.6868131843749999 0.9605829234375 0.6640896328125 0.9570854343749999 0.6413662109375 0.8836369515625 0.62039059375 0.8783907187500001 0.62039059375 0.906371034375 0.60815491875 0.906371034375 0.5924232359375 0.8713956062499999 0.5032772265625 0.8731443515624999 0.4980332890625 0.96932678125 0.49104154843750003 0.9798193828124999 0.47530986718749996 0.9780706390624999 0.471813865625 0.901124665625 0.412383278125 0.8539078890624999 0.38266785312499996 0.9098685234375001 0.36693617343749996 0.901124665625 0.417627084375 0.794449634375 0.3844157890625 0.7892032671875 0.3651882375 0.8381689203124999 0.34770862187499996 0.8311738078124999 0.358196365625 0.8171837156249999 0.35470049531250003 0.8049422359375 0.34770862187499996 0.79095214375 0.300513715625 0.7892032671875 0.351204628125 0.9186123828125 0.33372501250000003 0.9273562375 0.37194051875 0.994755246875 1 1 1 0.8504102671875
0 0.3144973265625 0.750730346875 0.2954545046875 0.77840909375 0.34770862187499996 0.787454521875 0.3564484296875 0.7437352328125 0.3144973265625 0.750730346875
0 0.48579761093749996 0.787454521875 0.4700659296875 0.7857057765625 0.44559444218750005 0.7752131734375001 0.41587914843749996 0.846912778125 0.45433424999999994 0.862651746875 0.47530986718749996 0.8644004921875 0.48579761093749996 0.787454521875
0 0.8668531421875001 0.79095214375 0.8024475125 0.758741259375 0.8039266875 0.8294250625 0.88258495625 0.8189324609374999 0.8668531421875001 0.79095214375
0 0.560960009375 0.7892032671875 0.5749436218749999 0.8346714296875 0.566203815625 0.8381689203124999 0.536488521875 0.7927008890625 0.5085211640625 0.787454521875 0.49868877187500005 0.8548951062500001 0.5994151109375 0.8591541250000001 0.580187559375 0.794449634375 0.560960009375 0.7892032671875
0 0.4106352109375 0.7367401874999999 0.3916083515625 0.745629371875 0.3844157890625 0.7647205718750001 0.422871021875 0.7629716953125001 0.4106352109375 0.7367401874999999
0 0.38616385625 0.7787106640625 0.38286709375 0.8046328671874999 0.40539140625 0.81368609375 0.417627084375 0.7752131734375001 0.38616385625 0.7787106640625
0 0.6553498249999999 0.75597678125 0.6413662109375 0.78395703125 0.6451048562499999 0.8024475546875 0.6763254421875 0.7384890671875 0.6605937625 0.7367401874999999 0.6553498249999999 0.75597678125
0 0.770715259375 0.7367401874999999 0.7521852734375 0.7368881125 0.75323564375 0.7892032671875 0.76896745625 0.7961983781249999 0.770715259375 0.7367401874999999
0 0.6099028515625 0.82068120625 0.612325134375 0.839597903125 0.643114146875 0.860903003125 0.62563453125 0.8189324609374999 0.6099028515625 0.82068120625