0 0.328125 1 0.328125 0.999152990625 0.3018515140625 0.9035963765625 0.239222409375 0.9234894812500001 0.21910784687499998 1 0.328125 1
0 0.210929375 1 0.2079836671875 0.9994274125 0.2105124046875 0.8948102640625001 0.12019244843750002 0.8647832421875 0.1093248453125 0.8840489093749999 0.08973579375 0.87489661875 0.10127074843749999 0.8521977234375001 0.0773436984375 0.8653618015625 0.050603428125 0.9296426500000001 0.0321102328125 0.9331739765625 0.0200992265625 0.9308392734375 0.093265559375 0.7651296234375 0.081159728125 0.7449614625 0.089977796875 0.7270790859375 0.027292039062500002 0.711331053125 0 0.8530260999999999 0 0.9670872125000001 0.16932160624999998 1 0.210929375 1
0 0.10757755468750001 0.79468709375 0.0914063609375 0.805170496875 0.0863385390625 0.8625 0.0877372109375 0.8625 0.1000918234375 0.8484633578125 0.10757755468750001 0.79468709375
0 0.1179050859375 0.8452687687499999 0.203335453125 0.88125 0.20378371875 0.88125 0.2140625 0.8139827359374999 0.2140625 0.806447284375 0.1362965953125 0.7835038625 0.1179050859375 0.8452687687499999
0 0.2805516265625 0.842308359375 0.2604948125 0.78948713125 0.234096259375 0.7995206765625 0.23737229843750002 0.8722705546875 0.261504109375 0.8796875 0.26602592187499996 0.8796875 0.3015625 0.8642696796875 0.3015625 0.8618760171875 0.2858251546875 0.8406513984374999 0.2805516265625 0.842308359375
0 0.9935636000000001 1 0.9984375 0.9070004484374999 0.9984375 0.8651073796875 0.9905815 0.8507424562500001 0.9521726390625 0.815457384375 0.9050421406250001 0.8129873812499999 0.9236159890625 0.89276350625 0.90395730625 0.9004890937500001 0.8841936546875001 0.8434157609374999 0.79278360625 0.8508834437499999 0.7823232890625 0.9168796718750001 0.77010438125 0.9162393078125 0.780557975 0.816970440625 0.7653968625 0.8056688812499999 0.7542697828125 0.7507993796875 0.757153278125 0.92956999375 0.750079334375 0.9309504093750001 0.7274787125 0.928014815625 0.702177240625 0.7428157578125 0.654419525 0.8191156640624999 0.68191743125 0.962401621875 0.65940806875 0.9577196671875001 0.6405597828125 0.8831825921875 0.619887478125 0.8768457703125 0.6184231015625 0.9047877390625001 0.606204196875 0.904147375 0.5923245453125 0.8683965468749999 0.503209184375 0.865477353125 0.4929386359375 0.9612535203125001 0.48540733593749996 0.971365825 0.4697887359375 0.9687961421875 0.4703245671875 0.8917726546875 0.4134465625 0.8415102296875 0.38084310781249997 0.8958389890625 0.36559060625 0.8862837796875 0.42179498593750003 0.782407903125 0.3889037796875 0.7754305796875001 0.3671399140625 0.8233228359375 0.35005035 0.8154224953125 0.36125590625 0.8020004625 0.3584054953125 0.7895928 0.3521553890625 0.7752559546875 0.305116690625 0.7710394828125 0.348965384375 0.9029242078124999 0.3310521046875 0.910741265625 0.365687846875 0.9800479531249999 0.6939269296874999 1 0.9935636000000001 1
0 0.30968645 0.7566932171875 0.303084515625 0.7890625 0.30532014531249996 0.7890625 0.353125 0.7778683156249999 0.353125 0.7703625078125 0.3455694359375 0.733862578125 0.30968645 0.7566932171875
0 0.47918690625 0.7925580390625 0.4588524484375 0.77536914375 0.409472634375 0.8352479046875001 0.441645803125 0.8615423390625001 0.45969752656249996 0.86875 0.4614691296875 0.86875 0.49371990625000006 0.798829871875 0.47918690625 0.7925580390625
0 0.7925603812500001 0.7753356140625 0.7925603812500001 0.7761052578125 0.81888886875 0.840625 0.8191974984374999 0.840625 0.8875 0.8033882015625 0.8875 0.8018511703125 0.8639044796875 0.7822942484375 0.7925603812500001 0.7753356140625
0 0.584580409375 0.7999099984375 0.5665559906250001 0.7914045062499999 0.5724316984375 0.8386101343749999 0.563217334375 0.8405368375 0.5418489234375 0.7905995609375001 0.515217475 0.7805764171875 0.493823525 0.8452850515625 0.5790778421875 0.8640625 0.590625 0.8640625 0.590625 0.8525556999999999 0.584580409375 0.7999099984375
0 0.390152696875 0.7504126203125 0.390842934375 0.7671875 0.39852272499999997 0.7671875 0.4234375 0.75524824375 0.4234375 0.75211865625 0.4041937328125 0.7347956984375 0.390152696875 0.7504126203125
0 0.3849727265625 0.8075560812499999 0.408439925 0.8125 0.408735034375 0.8125 0.4125 0.7844413296875 0.4125 0.773015321875 0.3837180609375 0.7814552171875 0.3849727265625 0.8075560812499999
0 0.658201146875 0.7541626484374999 0.6400126187499999 0.7796108953124999 0.6408117828125001 0.7984375 0.64082748125 0.7984375 0.68125 0.740748403125 0.68125 0.7400606421875 0.6663897890625 0.7359832234375 0.658201146875 0.7541626484374999
0 0.763563409375 0.735715475 0.7461178281249999 0.7840406484375 0.757400621875 0.7953125 0.7586726015624999 0.7953125 0.778125 0.7487729812499999 0.778125 0.7401599062499999 0.766264728125 0.735715475 0.763563409375 0.735715475
0 0.6421875 0.860373140625 0.6421875 0.858881665625 0.6255805296875 0.8190064421875001 0.6098488515625 0.8207551875 0.6122711328125 0.8396718859375 0.6421875 0.860373140625