0 0.42232542031250003 1 0.427832790625 0.9031004109375 0.4421875 0.8739810578125 0.4421875 0.8721197671875001 0.436409909375 0.86523093125 0.40558823125 0.87657805 0.4083964296875 0.86453549375 0.4350610296875 0.840536571875 0.4218278578125 0.8112916234374999 0.4140129484375 0.840450528125 0.376397421875 0.9495085187500001 0.3732195484375 0.945719640625 0.3918331046875 0.8332437687500001 0.405394096875 0.8186311125 0.406461 0.8064363468750001 0.3737456359375 0.81937308125 0.3496720953125 0.8137560687500001 0.371265125 0.7875580156249999 0.352263153125 0.7841401359375 0.329492665625 0.88396408125 0.3225273984375 0.8833546984374999 0.32977863125 0.780417434375 0.3188734109375 0.7847297609375 0.2949941515625 0.837059565625 0.295451390625 0.831833296875 0.307164534375 0.7380635875 0.2932340015625 0.7368448234375 0.2769943828125 0.8021311828125001 0.26828783125 0.8013694593749999 0.278933921875 0.7197947078125 0.26704962499999996 0.7152441828125 0.24983067656250002 0.7716674703125 0.238251225 0.7636325687500001 0.26844423281249996 0.6591916 0.13458054375 0.665034559375 0.1346682484375 0.6439768 0.09196228281249999 0.6507732625 0.0742443515625 0.6527340609375 0.0196541109375 0.6549797984375 0.0001926265625 0.875083590625 0.0001926265625 0.9798743999999999 0.22656807968749998 1 0.42232542031250003 1
0 0.722565559375 0.9511607281250001 0.701806559375 0.9604032296874999 0.6787253625 0.9515369546875 0.6515625 0.9371819328125 0.6515625 0.9624559625 0.651767575 0.9769393015625001 0.6581882734375 0.9984375 0.707805634375 0.9984375 0.7609375 0.97530075 0.7609375 0.9722964015625 0.755228025 0.955761146875 0.722565559375 0.9511607281250001
0 0.749404896875 0.911646890625 0.78650771875 0.9984375 0.81062053125 0.9984375 0.853125 0.9826130031250001 0.853125 0.9819813906249999 0.8065140281250001 0.9254014234374999 0.749404896875 0.911646890625
0 0.9622801937500001 1 0.9984375 0.914818728125 0.9984375 0.9112976578125 0.8721715453125001 0.759680146875 0.8613933046875 0.7627042687500001 0.811048809375 0.9484119515625 0.8181699609375 0.9681347 0.889047446875 1 0.9622801937500001 1
0 0.772264153125 0.808819315625 0.7640625 0.8568245203125 0.7640625 0.8585394859375001 0.8003566421875 0.9234375 0.8027061171875 0.9234375 0.8125 0.8166150312499999 0.8125 0.811080303125 0.794798684375 0.8122270781250001 0.772264153125 0.808819315625
0 0.61515905 0.758474809375 0.6009138015625 0.7753668515625 0.6095356828125 0.8118213953125 0.66875 0.8444973625 0.66875 0.8365162328125001 0.6657354375 0.7755147124999999 0.61515905 0.758474809375
0 0.6908304421875 0.79682696875 0.6813843875 0.835008303125 0.6813843875 0.8357031953125 0.73561900625 0.8172491703125001 0.740625 0.8048781187499999 0.740625 0.803659578125 0.7066251593749999 0.7849190562499999 0.6908304421875 0.79682696875
0 0.668117559375 0.884859603125 0.6797698953125 0.9142080234375 0.7198737578125 0.924304228125 0.74375 0.8926476703124999 0.74375 0.8903887421875 0.714015140625 0.8304796421875 0.668117559375 0.884859603125
0 0.616884325 0.8269538000000001 0.60835435 0.8703125 0.6131615921875 0.8703125 0.659375 0.860673746875 0.659375 0.8589479593749999 0.65444335625 0.850946390625 0.616884325 0.8269538000000001
0 0.6229370656250001 0.9609375 0.62320511875 0.9609375 0.6578125 0.8895468781250001 0.6578125 0.8875879375 0.6287732078125 0.89326753125 0.6229370656250001 0.9609375
0 0.7415729171875001 0.9656176515625001 0.7515625 0.928420725 0.7515625 0.9267566046875 0.72551856875 0.9338141515625 0.7415729171875001 0.9656176515625001
0 0.4974533296875 0.7523255921875001 0.483074190625 0.8612622906249999 0.5272401140625 0.8734375 0.5312357546875 0.8734375 0.534375 0.7968981421875 0.534375 0.76781699375 0.5065476828125 0.7396013156250001 0.4974533296875 0.7523255921875001
0 0.444538575 0.7650482921874999 0.4360549546875 0.7689153234375 0.4354159390625 0.8328125 0.43638108593749997 0.8328125 0.4609012078125 0.7719220484375 0.444538575 0.7650482921874999
0 0.4592897609375 0.8419288843749999 0.4765625 0.7714894328125 0.4765625 0.76896191875 0.4426100046875 0.8364169640625001 0.4592897609375 0.8419288843749999
0 0.393523103125 0.6913824953125001 0.3828351640625 0.669496846875 0.37617288437499996 0.6700797203125 0.37617288437499996 0.67173206875 0.39570871875 0.7765625 0.39745085625 0.7765625 0.41875 0.7441589140625 0.41875 0.7432295515625 0.39452529687500004 0.72289293125 0.393523103125 0.6913824953125001
0 0.25082706250000003 0.690625 0.251846159375 0.690625 0.2573069234375 0.6881922375 0.29375 0.6412963921875 0.29375 0.6399763187499999 0.28254388750000003 0.6278285015625 0.25082706250000003 0.690625
0 0.285020621875 0.68125 0.2959266515625 0.67982521875 0.296875 0.6606560375 0.296875 0.64332440625 0.27980850468749996 0.68125 0.285020621875 0.68125
0 0.5868399125 0.72370129375 0.5640625 0.7770838015625 0.5640625 0.7772083656250001 0.5750803578125 0.784375 0.5766137359375 0.784375 0.60625 0.7456500203124999 0.60625 0.744921696875 0.6026972640625 0.7239154171875 0.5868399125 0.72370129375
0 0.3702343734375 0.677034471875 0.35508233906250003 0.68307933125 0.370701325 0.7359375 0.375 0.7359375 0.375 0.7139047921875 0.3702343734375 0.677034471875
0 0.6223410953124999 0.6927922421875 0.64027560625 0.7453125 0.6408616968749999 0.7453125 0.6625 0.72794773125 0.6625 0.7218200921875 0.6609003718750001 0.70660064375 0.6223410953124999 0.6927922421875
0 0.5390625 0.68125 0.563346234375 0.68125 0.565625 0.6652057734375 0.565625 0.6568624421875 0.5439314796875 0.646875 0.5435945125 0.646875 0.5390625 0.6794787234374999 0.5390625 0.68125
0 0.58007788125 0.6941665109375 0.5905833953124999 0.7 0.593177090625 0.7 0.6015625 0.68036564375 0.6015625 0.678327625 0.586813721875 0.6766802703125 0.58007788125 0.6941665109375
0 0.29120748281250003 0.7050312453124999 0.280276625 0.7207262328125 0.2967066 0.721875 0.303125 0.721875 0.303125 0.7217686015625 0.29120748281250003 0.7050312453124999
0 0.5558015203125 0.6955647640625 0.5397152015625 0.6965389375 0.52323105625 0.7000680375 0.5265485421875 0.7330608984375 0.5402656890624999 0.761873984375 0.5725140890625 0.7671875 0.5734375 0.7671875 0.5734375 0.7570687328125 0.5558015203125 0.6955647640625
0 0.3084411484375 0.75625 0.3099055546875 0.75625 0.3316280984375 0.7486419421875 0.3328125 0.7319614796875 0.3328125 0.723593303125 0.31938944375 0.7311603953125 0.3084411484375 0.75625
0 0.4909918015625 0.6556950296874999 0.510398825 0.6625 0.5105965359375 0.6625 0.5125 0.64693005 0.5125 0.64018351875 0.500654853125 0.6250358312500001 0.4909918015625 0.6556950296874999
0 0.325 0.689851871875 0.335441865625 0.7015625 0.3360259796875 0.7015625 0.3390625 0.6867238328124999 0.3390625 0.6840665640625 0.325 0.6890558421875 0.325 0.689851871875