0 0 0.9180909125 0.18854822499999999 0.9984375 0.3796704578125 0.9984375 0.393965996875 0.9616821906249999 0.41752835624999995 0.9374875734374999 0.4138256328125 0.92831665 0.3810060234375 0.9295839796875001 0.38739813437500004 0.9189986078124999 0.41875 0.9050476312500001 0.41875 0.8916131453125 0.416625440625 0.8725112171875 0.40018242343750005 0.89782804375 0.330707159375 0.989924521875 0.32885565 0.985339065625 0.38131515 0.8841200609375001 0.39872797968749996 0.8744131734374999 0.4035110546875 0.8631449546875001 0.368399225 0.86533891875 0.347239678125 0.8525576890625001 0.3758715140625 0.8343144718750001 0.3588557484375 0.8251919437499999 0.30635243125 0.9130936875 0.299916378125 0.9103617453125 0.3386220734375 0.81470334375 0.3269180109375 0.8154347109375 0.2880366875 0.8578242171875001 0.290086553125 0.8529950328125 0.33020284843750003 0.767434303125 0.31733074375000003 0.76197041875 0.281711353125 0.819043115625 0.2736663171875 0.8156282015625 0.308999334375 0.741335825 0.2991028859375 0.7333355703125 0.2652909390625 0.7816763578125 0.256761146875 0.7704564640625 0.3177504375 0.6804573515625 0.18863293125 0.6446481828125 0.19522354687500001 0.624648165625 0.1525075390625 0.617915115625 0.135050865625 0.6143048062500001 0.0824384890625 0.599571315625 0 0.793286496875 0 0.9180909125
0 0.7209947921875 0.9724948140624999 0.7000776531249999 0.9636160140625 0.6908206984375 0.9406887109375001 0.6826877234375 0.9106392968750001 0.6538574296874999 0.9382973937499999 0.6328125 0.9742090843750001 0.6328125 0.9750391781250001 0.6867050671875 0.9984375 0.7390625 0.9984375 0.7390625 0.9983146812499999 0.7209947921875 0.9724948140624999
0 0.8341572234375001 1 0.8146358046875 0.9295217609374999 0.7680871234375 0.89375 0.7680581609375 0.89375 0.7665272390625 0.9965279328125 0.8220294562499999 1 0.8341572234375001 1
0 0.8414742546875 0.7710860828125 0.8208006671874999 0.962383009375 0.8309194625 0.9807489453124999 0.8959888578124999 0.9984375 0.9760563328125 0.9984375 0.9984375 0.9086715406250001 0.9984375 0.89497626875 0.851646721875 0.7664131046875 0.8414742546875 0.7710860828125
0 0.7809824843750001 0.8059845062500001 0.7661632328125 0.8166358515625 0.7452470265625 0.8256873890625 0.764236309375 0.8719772953125 0.8294635875 0.9078125 0.8296875 0.9078125 0.8296875 0.902565021875 0.7809824843750001 0.8059845062500001
0 0.6071633734375 0.7684045296875001 0.6086709906250001 0.8058344328124999 0.6596398953125 0.8484375 0.661071203125 0.8484375 0.66875 0.794957740625 0.66875 0.7797721671875 0.62437005 0.7545409640625 0.6071633734375 0.7684045296875001
0 0.6922965671875 0.7922521812500001 0.68521211875 0.810720590625 0.6970320375 0.846875 0.699287596875 0.846875 0.7328125 0.8057818093750001 0.7328125 0.797452071875 0.7315206921875 0.7901026859375 0.6922965671875 0.7922521812500001
0 0.665488225 0.8947493828124999 0.6916638203125001 0.925 0.6956994796875 0.925 0.7313323125 0.9134391015625001 0.740625 0.8520178609375 0.740625 0.8460543265625 0.6727767515624999 0.8640250593750001 0.665488225 0.8947493828124999
0 0.6090064125 0.8346481015625 0.61579163125 0.878125 0.61798160625 0.878125 0.659375 0.8524786984375 0.659375 0.8497827140625 0.6525063062500001 0.8443478171875001 0.6090064125 0.8346481015625
0 0.6352820625 0.9625 0.6354758 0.9625 0.64375 0.9025814234375 0.64375 0.8829423109375 0.6198901921875 0.8962041859375001 0.6352820625 0.9625
0 0.7456979828125 0.9640625 0.745962684375 0.9640625 0.7484375 0.928958175 0.7484375 0.9242703109375 0.7241128421874999 0.9362196140625001 0.7456979828125 0.9640625
0 0.5082940046875 0.749655590625 0.4734375 0.8537141421875001 0.4734375 0.8538692703124999 0.5128368531249999 0.8734375 0.5187145 0.8734375 0.5421875 0.7745150390625 0.5421875 0.772819475 0.5196491765625 0.738900378125 0.5082940046875 0.749655590625
0 0.42003184843749997 0.7697608375 0.416018696875 0.7781763203125001 0.4578125 0.8290080281250001 0.4578125 0.828360728125 0.4369847171875 0.7645087421875 0.42003184843749997 0.7697608375
0 0.4592897609375 0.8419288843749999 0.4765625 0.7714894328125 0.4765625 0.76896191875 0.4426100046875 0.8364169640625001 0.4592897609375 0.8419288843749999
0 0.38740627031249997 0.693175446875 0.3724016078125 0.6739902 0.365715246875 0.676034425 0.40747121875000003 0.7765625 0.408612734375 0.7765625 0.421875 0.7425767796875 0.421875 0.738119721875 0.394937953125 0.7237889359375 0.38740627031249997 0.693175446875
0 0.2562505015625 0.6953125 0.2567021125 0.6953125 0.2622141484375 0.6914510796875 0.2890625 0.6384177703125 0.2890625 0.6373693359375 0.2754694953125 0.62738095625 0.2562505015625 0.6953125
0 0.2923299375 0.6828125 0.2953698328125 0.6828125 0.3046875 0.674585415625 0.3046875 0.6733810296875 0.285139134375 0.6410617875 0.2923299375 0.6828125
0 0.57565780625 0.7265312734375 0.5745343484375 0.7846652296875 0.5810539421875001 0.7859375 0.589092746875 0.7859375 0.6 0.7464113609374999 0.6 0.7363282984375 0.5904407 0.7207895375 0.57565780625 0.7265312734375
0 0.358178790625 0.7354150953125 0.35947178750000003 0.7359375 0.36536848125 0.7359375 0.3828125 0.6842086171874999 0.3828125 0.68153058125 0.3674250578125 0.680386928125 0.358178790625 0.7354150953125
0 0.6161359390625 0.701128040625 0.6480660125 0.7453125 0.649629 0.7453125 0.6640625 0.7241163734375 0.6640625 0.7195856421875 0.65704754375 0.7030594406249999 0.6161359390625 0.701128040625
0 0.5419695359375 0.6828125 0.5493395624999999 0.6828125 0.5640625 0.6799273265625 0.5640625 0.654812196875 0.5401448671875 0.6489725125 0.5419695359375 0.6828125
0 0.5832893703125 0.6982682171875 0.5856847015625 0.6984375 0.596875 0.6984375 0.596875 0.6750437125000001 0.5968735703125 0.675 0.5955733249999999 0.675 0.5820041078125 0.6795736125 0.5832893703125 0.6982682171875
0 0.280606825 0.718692475 0.29698017656250003 0.721875 0.30281290781250003 0.721875 0.29336894375 0.7044466125 0.280606825 0.718692475
0 0.5495887546875 0.6932933718750001 0.5318905375 0.72133455 0.5249606890625 0.752484690625 0.547135159375 0.7765625 0.5510521609375 0.7765625 0.5765625 0.7134221953125001 0.5765625 0.7087892203124999 0.56475116875 0.70066105625 0.5495887546875 0.6932933718750001
0 0.3092457921875 0.7578125 0.3105695515625 0.7578125 0.33125 0.74847396875 0.33125 0.7235665578125 0.3312478859375 0.7234375 0.330355484375 0.7234375 0.317939325 0.7319427203125 0.3092457921875 0.7578125
0 0.512471803125 0.6396224296875 0.49707976406250004 0.6262539312500001 0.4934443 0.6581936296875 0.501519653125 0.659375 0.5125 0.659375 0.5125 0.6400226484375 0.512471803125 0.6396224296875
0 0.325 0.689851871875 0.335441865625 0.7015625 0.3360259796875 0.7015625 0.3390625 0.6867238328124999 0.3390625 0.6840665640625 0.325 0.6890558421875 0.325 0.689851871875