0 0.41937501875 0.794449634375 0.4141312140625 0.8241786953125001 0.38616385625 0.936100096875 0.38266785312499996 0.93260260625 0.3914076609375 0.8189324609374999 0.403643471875 0.8031934906249999 0.403643471875 0.79095214375 0.3721801109375 0.80669098125 0.34770862187499996 0.8031934906249999 0.36693617343749996 0.7752131734375001 0.34770862187499996 0.7734644296875001 0.33372501250000003 0.8748930937500001 0.3267331390625 0.8748930937500001 0.32498520468750003 0.7717155499999999 0.3144973265625 0.77696191875 0.295269778125 0.8311738078124999 0.295269778125 0.825927575 0.29876578125000003 0.7314938203125 0.2847820359375 0.7314938203125 0.27429429375000003 0.7979471218749999 0.2655544859375 0.7979471218749999 0.26905035625 0.71575491875 0.256814678125 0.7122574953125 0.2445788671875 0.7699668046875 0.23234319062500003 0.7629716953125001 0.253318675 0.6562966609374999 0.120473625 0.673784375 0.118725690625 0.652799103125 0.0767745859375 0.6632917734375 0.059294971875000005 0.6667893296875 0.0051081921875 0.673784375 0.0048076515625 0.999125875 0.43684647343750005 0.9997324781250001 0.43335876406249996 0.885385696875 0.44559444218750005 0.8539078890624999 0.43860270156250003 0.846912778125 0.4088872765625 0.860903003125 0.4106352109375 0.848661521875 0.43510669999999996 0.8224299500000001 0.41937501875 0.794449634375
0 0.7235203515624999 0.9623316687499999 0.7007967984375 0.9623316687499999 0.683317315625 0.9448439546875 0.6640896328125 0.9203611281249999 0.6483580859375 0.9570854343749999 0.642919540625 0.999125875 0.7497397734375 1 0.7514878406250001 0.9798193828124999 0.7235203515624999 0.9623316687499999
0 0.7672193890625 0.8941295546875001 0.767482478125 0.996940559375 0.8353900484375 1 0.8144142984375 0.9291049828125001 0.7672193890625 0.8941295546875001
0 1 0.8748930937500001 0.823154103125 0.78395703125 0.8144142984375 0.79095214375 0.84063371875 0.981568128125 0.854895065625 0.996940559375 1 1 1 0.8748930937500001
0 0.7829512015625 0.8119373484375 0.7602276484375 0.81368609375 0.7631118484375 0.8636363656249999 0.8161623656250001 0.9221100046874999 0.8004308171875 0.80669098125 0.7829512015625 0.8119373484375
0 0.6710815046875 0.7822082859374999 0.62563453125 0.754227903125 0.6079545046875 0.76748251875 0.60815491875 0.8049422359375 0.6588458265625 0.8504102671875 0.6710815046875 0.7822082859374999
0 0.702544865625 0.7857057765625 0.6885611203125 0.799696003125 0.68444051875 0.839597903125 0.735756028125 0.81368609375 0.739252165625 0.799696003125 0.702544865625 0.7857057765625
0 0.732260159375 0.8381689203124999 0.6693335703125001 0.8713956062499999 0.6691433171875001 0.902972028125 0.702544865625 0.9273562375 0.737504096875 0.906371034375 0.732260159375 0.8381689203124999
0 0.61339885625 0.8294250625 0.6101398203125 0.874562940625 0.6605937625 0.8574053796875001 0.6536018890624999 0.848661521875 0.61339885625 0.8294250625
0 0.6188810796875 0.8964160859374999 0.637870209375 0.9623316687499999 0.64486208125 0.8801394609375001 0.6188810796875 0.8964160859374999
0 0.7237761828125 0.937937065625 0.7497397734375 0.9623316687499999 0.746243903125 0.9221100046874999 0.7237761828125 0.937937065625
0 0.49628535312500005 0.741986490625 0.48929348125 0.75597678125 0.4921328265625 0.8658216796874999 0.5417323265625 0.8713956062499999 0.5294966484375 0.7664693171875 0.49628535312500005 0.741986490625
0 0.4508383796875 0.7664693171875 0.43312933124999997 0.7652972046875 0.4263668921875 0.7717155499999999 0.44734250937500003 0.8346714296875 0.4508383796875 0.7664693171875
0 0.45783025312500003 0.8434152890625001 0.47530986718749996 0.8416664109375 0.46153842031250003 0.7652972046875 0.45783025312500003 0.8434152890625001
0 0.3966515984375 0.6912720890624999 0.387911790625 0.66853820625 0.38091991875 0.66853820625 0.3916083515625 0.77840909375 0.417627084375 0.7454840453125 0.3949036640625 0.7227499640625 0.3966515984375 0.6912720890624999
0 0.26923072812500004 0.6276223796875 0.2620584828125 0.6982672015625 0.2673024203125 0.6930209015625 0.2847820359375 0.6353113890625 0.26923072812500004 0.6276223796875
0 0.28303410156250003 0.68427704375 0.29876578125000003 0.679030675 0.293269190625 0.6407342671875 0.28303410156250003 0.68427704375
0 0.6029109781249999 0.740237678125 0.5924232359375 0.7210013515625 0.5773601015625001 0.725961540625 0.5731956874999999 0.78395703125 0.5871794328125 0.787454521875 0.6029109781249999 0.740237678125
0 0.3721801109375 0.677282065625 0.3566433171875 0.6822552468749999 0.3686842421875 0.7367401874999999 0.37567598125 0.7367401874999999 0.3721801109375 0.677282065625
0 0.662341696875 0.7087598046875 0.6254370234375 0.6909965046875 0.637870209375 0.7454840453125 0.662341696875 0.729745209375 0.662341696875 0.7087598046875
0 0.566203815625 0.6562966609374999 0.542395065625 0.6472902109375 0.5399843921875 0.6825282328125 0.5644558796875 0.6807794875 0.566203815625 0.6562966609374999
0 0.5839160437500001 0.6778846171875 0.5819354953125 0.6965183921875 0.595919240625 0.700015946875 0.5994151109375 0.6755331875 0.5839160437500001 0.6778846171875
0 0.28303410156250003 0.7244987734375 0.30575751875 0.7192524734375 0.2888985625 0.7062937093749999 0.28303410156250003 0.7244987734375
0 0.566203815625 0.7752131734375001 0.566203815625 0.700015946875 0.550472134375 0.6965183921875 0.5336538046875 0.695367134375 0.5277487140625 0.72799633125 0.53299251875 0.7594742046875 0.566203815625 0.7752131734375001
0 0.3267331390625 0.7210013515625 0.316245396875 0.7332426328125 0.3144973265625 0.76122295 0.33372501250000003 0.7454840453125 0.3267331390625 0.7210013515625
0 0.49453741874999996 0.62831634375 0.49650345625 0.6604020984375001 0.5172609718750001 0.6597943515625 0.512017034375 0.6388089453125 0.49453741874999996 0.62831634375
0 0.34071675 0.68427704375 0.32498520468750003 0.687774534375 0.33479017031249997 0.7019230796875 0.34071675 0.68427704375