0 0.528302159375 0.7590150343750001 0.47495795 0.7665120734374999 0.47191353593749996 0.7753270640625 0.343052275 0.794082496875 0.3409674 0.78534321875 0.25987648124999996 0.7935139875 0.2481095453125 0.8164581171874999 0.2526442453125 0.8487241796875 0.2505931515625 0.8554640859375 0.253833959375 0.8724280015625 0.24442465000000002 0.884718184375 0.24317983437500001 0.8758608640625001 0.1927610515625 0.9803664515625 0.19810198750000002 0.997035240625 0.19699401562500002 0.9984375 0.3750150390625 0.9984375 0.5640625 0.9718686125 0.5640625 0.96627226875 0.5478237390625 0.9040139406250001 0.528302159375 0.7590150343750001
0 0.5728142421875 0.9304427125 0.6000233374999999 0.9984375 0.62970295 0.9984375 0.6515625 0.9900657765625 0.6515625 0.982657221875 0.6350816125 0.9061119234375001 0.5728142421875 0.9304427125
0 0.6554547687500001 0.9984375 0.6564737375 0.9971388203125 0.6586793703125 0.9945832781249999 0.6617333234375 0.9935610734375 0.6671875 0.9449139015625001 0.6671875 0.9179280015625 0.6521990609375 0.9984375 0.6554547687500001 0.9984375
0 0.717382415625 1 0.725 0.9303346140625001 0.725 0.9209521531249999 0.7142632390625 0.9184733765624999 0.7113099609375 0.9335281265625 0.710713653125 0.9383737015625 0.70896726875 0.9421669359375 0.705459909375 0.9452913390625 0.7026495374999999 0.9446425140624999 0.7005793578125 0.9415418109375 0.701204253125 0.933555525 0.7022533156249999 0.9275030937500001 0.7053865203125 0.9169485765625 0.696631928125 0.9141405890625001 0.67170914375 0.9820602453125 0.670961821875 0.986110184375 0.6750586671875001 0.9849578093750001 0.681010028125 0.9863317890625 0.6887152484375 0.9891597828125 0.6928338546874999 0.9916842875 0.698008996875 0.9934036203125001 0.7031123406249999 0.996942321875 0.706080884375 0.9984144734375 0.7074254578125 1 0.717382415625 1
0 0.7465028499999999 0.9844172703125 0.7874043656249999 0.9984375 0.81392623125 0.9984375 0.853125 0.940034140625 0.853125 0.934883540625 0.7628711609375001 0.9022976515625001 0.7465028499999999 0.9844172703125
0 0.7363845671875 0.9736194796875 0.7405161484375 0.9984375 0.740625 0.9984375 0.740625 0.9900475296875 0.7363845671875 0.9736194796875
0 0.8962723031250001 0.99375 0.8989158843749999 0.99375 0.9140625 0.9490743609375001 0.9140625 0.9477448515625 0.8935091343750001 0.9899865125 0.8962723031250001 0.99375
0 0.9461636562500001 0.9230128125 0.9473509203124999 0.9175544453125 0.9296932484375 0.9152443968749999 0.9124968625 0.9939660953124999 0.9304306890625 0.9984375 0.953125 0.9984375 0.953125 0.935712921875 0.9461636562500001 0.9230128125
0 0.9965493171875 1 0.996875 0.9981529625000001 0.996875 0.9877383999999999 0.9733908609374999 0.9547387671875001 0.9741798046874999 0.998780775 0.9810943703125 1 0.9965493171875 1
0 0.8234375 0.9847772046875001 0.8234375 0.9848500515625 0.828759509375 0.9831099906249999 0.8369268203125 0.98257914375 0.84185616875 0.983106971875 0.8481165203125001 0.9856164406250001 0.852272590625 0.9874668421875 0.8556064796875 0.9895068015625 0.8628936359375 0.9921956359375 0.8661750015624999 0.9947678375000001 0.867398334375 0.9953125 0.87041260625 0.9953125 0.9015625 0.9322406687499999 0.9015625 0.9318958531250001 0.874354428125 0.9183999296875 0.8234375 0.9847772046875001
0 0.8761392015625 0.9967314234375 0.8733038453124999 0.9958827859375001 0.8700627093750001 0.9942573187500001 0.8657489359375001 0.9947216437499999 0.8639410562500001 0.994531628125 0.8615556812499999 0.9951986328125001 0.856420703125 0.9966596109375001 0.8566071687499999 0.9970645984375001 0.8657120671874999 0.9984375 0.881365525 0.9984375 0.8791141640625 0.997411196875 0.8761392015625 0.9967314234375