0 0.5529068828125 1 0.5448477921875 0.9305456875000001 0.5456961406249999 0.784241021875 0.4918276890625 0.784241021875 0.48758609374999995 0.792546525 0.35736865 0.793185409375 0.3565203375 0.784241021875 0.2750814375 0.7810466 0.2602358125 0.802129796875 0.2602358125 0.8347129578124999 0.257266665625 0.8411018140625 0.25811501406250004 0.8583516718749999 0.2470868125 0.869212725 0.2470868125 0.8602683578124999 0.18261433437500002 0.956739965625 0.18558344531249998 0.97398985 0.1681928484375 0.99060085625 0.1634052625 1 0.5529068828125 1
0 0.586396453125 0.9151900828124999 0.5861177015625 0.9990423890625 0.6386531 1 0.6532442281249999 0.9159567359375 0.586396453125 0.9151900828124999
0 0.65663751875 0.9969673531250001 0.6588431515625001 0.9944118109375 0.6618971046875 0.9933896062500001 0.6705499968749999 0.9162122874999999 0.66749604375 0.9169789515625 0.6523490453125 0.9983401421875 0.65120825 1 0.654431871875 0.9997784578125 0.65663751875 0.9969673531250001
0 0.7270482406250001 1 0.7172077046875 0.9169789515625 0.705161534375 0.9169789515625 0.7056705296875 0.9323121921874999 0.7061795234375 0.937167715625 0.705331190625 0.9412565796875001 0.7026165625 0.9450898890625 0.699732265625 0.9450898890625 0.6970176375 0.942534346875 0.69582999375 0.934612178125 0.69549066875 0.9284788828125 0.69616931875 0.9174900593749999 0.687007446875 0.9167233953125 0.6780020296875 0.9885086812500001 0.6781849 0.99262293125 0.681917515625 0.9905785015624999 0.688025421875 0.9905785015624999 0.69616931875 0.9916007171875 0.7007502546875 0.9931340343749999 0.7061795234375 0.993645146875 0.7119481046875 0.9959451484375 0.7151717265624999 0.9967117921875 0.719583021875 1 0.7270482406250001 1
0 0.7462397671875001 0.9172345078124999 0.75894515 1 0.8249640546875 0.99875623125 0.8451541062500001 0.9169789515625 0.7462397671875001 0.9172345078124999
0 0.739844234375 1 0.742200684375 0.9999132703125 0.7377705578125 0.973364040625 0.739844234375 1
0 0.901697509375 0.9925489093750001 0.9082688156250001 0.9966096062500001 0.9051640750000001 0.9422939843749999 0.901697509375 0.9925489093750001
0 0.9645462703125001 1 0.94786523125 0.9346840828125 0.9370815390624999 0.9230095984375 0.9369130374999999 0.91742614375 0.9192210234375 0.9194564906249999 0.9215799453125 1 0.9645462703125001 1
0 0.9999302999999999 1 0.9999302999999999 0.9869654609375 0.96926414375 0.9567640875000001 0.9776889140625 1 0.9999302999999999 1
0 0.8546872984375 0.988488234375 0.8614271062500001 0.9882344328125001 0.8659764921875001 0.9882344328125001 0.8698518765625 0.9887420140625001 0.8776026734375 0.9882344328125001 0.8816465578124999 0.9892496046874999 0.8856904421875 0.9892496046874999 0.888554865625 0.91742614375 0.858057209375 0.9161571765625001 0.8385117609374999 0.9976247781250001 0.84272413125 0.9938178828125 0.8499694265625 0.9900109859375 0.8546872984375 0.988488234375
0 0.884162353125 0.9981171609375 0.879799553125 0.9966568546874999 0.8767698312500001 0.9962917734375001 0.8738613015625001 0.9957441609375 0.8704680124999999 0.9944663890625 0.86622640625 0.9953790828125 0.86440856875 0.9953790828125 0.86210598125 0.9962917734375001 0.857151846875 0.9982815 0.8573796234375 0.998664778125 0.88707089375 1 0.884162353125 0.9981171609375