0 0.51880943125 1 0.5212059796874999 0.9890829046875 0.56875 0.8535628953125001 0.56875 0.8507187843749999 0.5187066265625 0.8334874687499999 0.5119921125 0.8399595484375 0.3886611 0.798168971875 0.3907710125 0.7894357046875 0.31480902187500004 0.75990140625 0.293908190625 0.7750026984375 0.28330015 0.8058106828125 0.278412759375 0.8108848046875 0.273598884375 0.8274710609374999 0.2596355015625 0.8341499578124999 0.262547503125 0.8256928921875 0.17017949375000002 0.895918403125 0.1673708296875 0.9131951375 0.1455196828125 0.923239328125 0.1379328703125 0.9305677078124999 0.3395788890625 1 0.51880943125 1
0 0.6269778734375 1 0.6640625 0.9298089171875 0.6640625 0.9282552765625001 0.6014199796875 0.9071042468750001 0.575243084375 0.9867663906249999 0.6135800328125 1 0.6269778734375 1
0 0.6457352765625 0.996811128125 0.6443488671875001 0.998272090625 0.6462137968749999 0.9984375 0.64769674375 0.9984375 0.650185703125 0.9961261046875001 0.6527639546875 0.9939470625 0.6559402171875 0.9934151859375 0.6734375 0.92987921875 0.6734375 0.9188198921874999 0.673423484375 0.918821140625 0.6457352765625 0.996811128125
0 0.6913373109375 0.9181353390625 0.6968105890625 0.9324674921874999 0.6988726562500001 0.9368927671874999 0.699401746875 0.9410350546874999 0.69808301875 0.9455433140625 0.6953558625 0.9464823515624999 0.691957128125 0.9449498359374999 0.6882549828125 0.9378459343750001 0.6859373390625 0.932157265625 0.6830014046875 0.9215461812499999 0.6740890828125 0.9238040984375001 0.688945296875 0.9946102968750001 0.6904563453125 0.9984375 0.6904607296874999 0.9984375 0.6933213281249999 0.9952925953125 0.6990964671875 0.993304053125 0.7071294734375 0.9916191859374999 0.7119600328125 0.99157755625 0.717259909375 0.9902932281249999 0.7234630171875 0.99058985625 0.7267606062499999 0.9902652234374999 0.7320021046875 0.9919381078124999 0.7359375 0.990583040625 0.7359375 0.9830356140625 0.7027271875000001 0.9142134921875 0.6913373109375 0.9181353390625
0 0.8179747468749999 1 0.8484375 0.9342788859375 0.8484375 0.9266612984375 0.7545344671875001 0.9086600468749999 0.751214015625 0.9923292046875 0.7950721328125 1 0.8179747468749999 1
0 0.7328125 0.975884928125 0.7450329124999999 0.9984375 0.7467253484375 0.9984375 0.746875 0.9983641609375 0.746875 0.997101665625 0.7328125 0.9758340656250001 0.7328125 0.975884928125
0 0.8990987671875 0.99375 0.901986971875 0.99375 0.9125 0.947207865625 0.9125 0.9457046328125 0.8962149 0.9905791453124999 0.8990987671875 0.99375
0 0.9516882062500001 1 0.965625 0.999269603125 0.965625 0.9934690453125 0.947328959375 0.9348229046875 0.9359490515625 0.9237287953125 0.9354885656249999 0.9181618109375 0.917927059375 0.9211153046874999 0.9243814734375 1 0.9516882062500001 1
0 0.9895285218750001 1 0.9984375 0.9969323921875001 0.9984375 0.9803563359374999 0.9630015406249999 0.9634067765625 0.9841510093749999 1 0.9895285218750001 1
0 0.8362070828125001 0.9953125 0.8373269578125001 0.9953125 0.8402580374999999 0.9929300140624999 0.8476926406249999 0.989507521875 0.8524837406250001 0.9882337718749999 0.8592275953125 0.9883330515625 0.863770746875 0.98857115 0.8676142546875001 0.9892808562500001 0.87538099375 0.9891796156250001 0.87936620625 0.9904050375000001 0.8834045500000001 0.9906166781250001 0.8890625 0.9294380875 0.8890625 0.9189509687499999 0.8596345484375 0.916178209375 0.8362070828125001 0.9953125
0 0.8836939953125 0.9969622125000001 0.8791857484375001 0.9960444828125 0.8761341171874999 0.9960513531249999 0.8731805296875 0.9958622828125 0.8696568125 0.9950075734375 0.8655580515624999 0.9964303859375001 0.8637537640625 0.9966519249999999 0.8615795687500001 0.9978384281249999 0.8604935390625 0.9984375 0.8859375 0.9984375 0.8859375 0.9980524203125001 0.8836939953125 0.9969622125000001