0 1 0.7192524734375 0.9455114109375 0.7192524734375 0.68506525 0.8731443515624999 0.3616923671875 0.88188820625 0.33197694218749996 0.8644004921875 0.3302290078125 0.8014447453125 0.3022616515625 0.7979471218749999 0.276042228125 0.862651746875 0.2707982890625 0.862651746875 0.281286165625 0.7961983781249999 0.2673024203125 0.79095214375 0.2673024203125 0.75597678125 0.2445788671875 0.750730346875 0.237587128125 0.8031934906249999 0.2078717015625 0.8049422359375 0.23234319062500003 0.752479090625 0.2236033828125 0.7384890671875 0 0.7804594093749999 0 0.81368609375 0 0.996940559375 1 1 1 0.7192524734375
0 0.34770862187499996 0.80669098125 0.34353142812500004 0.8636363656249999 0.3651882375 0.8696468609375 0.36344030312500003 0.8119373484375 0.34770862187499996 0.80669098125
0 0.407139340625 0.8084398578125 0.38266785312499996 0.799696003125 0.38505240937499996 0.872377625 0.4316108296875 0.8713956062499999 0.4316108296875 0.794449634375 0.407139340625 0.8084398578125
0 0.550472134375 0.8154348390624999 0.5487242 0.8311738078124999 0.45258631562499996 0.825927575 0.4508383796875 0.8119373484375 0.44734250937500003 0.8084398578125 0.44384650781249996 0.8766418390625 0.5644558796875 0.8661492375 0.5557160718749999 0.8084398578125 0.550472134375 0.8154348390624999
0 0.64486208125 0.82068120625 0.643114146875 0.82068120625 0.639618278125 0.7961983781249999 0.6238865984374999 0.7979471218749999 0.627382465625 0.8346714296875 0.6116507859375 0.8346714296875 0.61339885625 0.7961983781249999 0.578439625 0.7892032671875 0.5766915546875 0.8766418390625 0.6658377015625 0.8731443515624999 0.6570978937499999 0.8119373484375 0.64486208125 0.82068120625
0 0.683317315625 0.79095214375 0.6658377015625 0.799696003125 0.6822552046875 0.8636363656249999 0.7165286109375 0.8713956062499999 0.70953660625 0.848661521875 0.683317315625 0.79095214375
0 0.7182764140625 0.77696191875 0.71478054375 0.7804594093749999 0.7007967984375 0.7857057765625 0.725961496875 0.8461538484375 0.746243903125 0.8504102671875 0.735756028125 0.8294250625 0.7182764140625 0.77696191875
0 0.76896745625 0.8171837156249999 0.7497397734375 0.7647205718750001 0.7368880718749999 0.7740384640625 0.7514878406250001 0.8381689203124999 0.7846990046875 0.8224299500000001 0.76896745625 0.8171837156249999
0 0.768989090625 0.7663027578125 0.7812249015625 0.8065244203124999 0.7987045171875 0.804775678125 0.779476965625 0.7505637890625 0.768989090625 0.7663027578125
0 0.8354118156249999 0.77854410625 0.8528914296875 0.790785584375 0.8319156781249999 0.733076071875 0.8231760046875 0.7453174203125 0.8319156781249999 0.7802928484375 0.8308132625000001 0.7816503078125 0.8354118156249999 0.77854410625
0 0.8068181421875 0.79785839375 0.824149459375 0.7861515359375 0.8109401953125 0.743568675 0.79695658125 0.7453174203125 0.8068181421875 0.79785839375
0 0.89309433125 0.7120908671875 0.89309433125 0.7225834718749999 0.8983382687500001 0.7470662984375 0.8962897406250001 0.748204903125 0.914070084375 0.743568675 0.89309433125 0.7120908671875
0 0.863379040625 0.717337103125 0.8773627859375001 0.752312534375 0.876243996875 0.7534318390625 0.8819868718749999 0.7519343828125 0.875614715625 0.7120908671875 0.863379040625 0.717337103125
0 0.8483391203125 0.76070804375 0.865912396875 0.7561258046875 0.84939529375 0.7260809609375001 0.8424035546875001 0.7278297046875 0.8483391203125 0.76070804375
0 0.9070780765625001 0.738322440625 0.9228098921875001 0.7365735625000001 0.8986013578125001 0.6995192328125001 0.9070780765625001 0.738322440625
0 0.9228098921875001 0.733076071875 0.9367933703125001 0.7243322156249999 0.916083875 0.6907779734374999 0.9228098921875001 0.733076071875