0 1 0.7717576171875 0.92194056875 0.5572910921875 0.87073804375 0.5759272875 0.6786328296875 0.8096161828125 0.3777522921875 0.9284327578125 0.3438477765625 0.9221629546875001 0.32067312187499997 0.863601734375 0.2931961453125 0.8698804421874999 0.2906882328125 0.9396504718750001 0.285760540625 0.9414440031250001 0.27288753125 0.8754112 0.257952790625 0.8752640749999999 0.2459905125 0.8423979828125001 0.22284297031250003 0.8452398593750001 0.2342163375 0.8969304062499999 0.2068910765625 0.9087369624999999 0.2119433015625 0.8510679906249999 0.1989456984375 0.840910859375 0.003181953125 0.9568269421875 0.0145461484375 0.9880498093750001 0.0188956609375 1 0.5217402734375 1 1 0.8275828953125 1 0.7717576171875
0 0.35426369375 0.8056019796875 0.3383381703125 0.8604344828125001 0.35430455781250003 0.86875 0.3586462921875 0.86875 0.36856081875 0.8140045015625 0.35426369375 0.8056019796875
0 0.39914739374999997 0.7927802125000001 0.3705919546875 0.8596598890625 0.40893037187500003 0.8765625 0.4140816703125 0.8765625 0.4453125 0.8095877687499999 0.4453125 0.8087436546875001 0.4176307796875 0.8110469328125 0.39914739374999997 0.7927802125000001
0 0.5487667859375 0.81289200625 0.5481210046875 0.8287145640625001 0.45185135 0.8301873515624999 0.44913176093749996 0.816353134375 0.44540043437500004 0.8131080234375 0.44663885312499996 0.8796875 0.4574393828125 0.8796875 0.565625 0.8626067390625 0.565625 0.8596955703125 0.5535100046875 0.8055482656249999 0.5487667859375 0.81289200625
0 0.6380718265625 0.8123653453124999 0.6364628421875 0.8130483187499999 0.6236786765625 0.7918777015625 0.6098808765625 0.799634284375 0.62744816875 0.83207324375 0.61296708125 0.8382201015625 0.5995435703124999 0.8021224437500001 0.5646302203125 0.809343071875 0.59597734375 0.8875 0.60357704375 0.8875 0.6765625 0.8530828921875001 0.6765625 0.850282034375 0.645918453125 0.79953566875 0.6380718265625 0.8123653453124999
0 0.696476521875 0.7903445062500001 0.6771024999999999 0.79292118125 0.6718086078125001 0.8587229984375 0.6981054890625 0.875 0.7015625 0.875 0.7015625 0.8438110812499999 0.696476521875 0.7903445062500001
0 0.709154596875 0.7799050875 0.7066086874999999 0.7841444140625 0.69430953125 0.7926179171875 0.7333504421875 0.8451825312500001 0.753125 0.84444083125 0.753125 0.8433130171875 0.7388069749999999 0.82658115 0.709154596875 0.7799050875
0 0.76318280625 0.8190601578125 0.7620830015625 0.7631953593749999 0.7468978703125 0.7678214953125 0.7398665296875 0.8328125 0.743402853125 0.8328125 0.7763492703125 0.8291422609374999 0.76318280625 0.8190601578125
0 0.7874856890624999 0.7505924921875 0.7730658499999999 0.7628309109375 0.7737410734375 0.8048671000000001 0.781360603125 0.80625 0.7890625 0.80625 0.7890625 0.7761659859375001 0.7874856890624999 0.7505924921875
0 0.82841995 0.7338489828125 0.8210077218749999 0.7469368171874999 0.833355446875 0.7808071015625 0.8324009625000001 0.7822723578125 0.8366496390625 0.77870249375 0.8525177140625001 0.7875 0.853125 0.7875 0.853125 0.78455854375 0.82841995 0.7338489828125
0 0.8185648359375 0.7446299609375 0.80460509375 0.74269989375 0.800584784375 0.7953125 0.8025328875 0.7953125 0.82030275 0.78918065625 0.8185648359375 0.7446299609375
0 0.8875 0.717031521875 0.8907921421875 0.7265925984375 0.9037212109375 0.74803430625 0.9033590140625 0.7484375 0.9041712125 0.7484375 0.9171875 0.7397847609375 0.9171875 0.7393998265625 0.8875 0.7167661187500001 0.8875 0.717031521875
0 0.8582385312499999 0.7223264375 0.8847766265624999 0.74905760625 0.8843961281249999 0.75 0.8848655953125 0.75 0.8875 0.7479701734375 0.8875 0.7446931140624999 0.8674516609375 0.7127163921874999 0.8582385312499999 0.7223264375
0 0.8483391203125 0.76070804375 0.865912396875 0.7561258046875 0.84939529375 0.7260809609375001 0.8424035546875001 0.7278297046875 0.8483391203125 0.76070804375
0 0.9228098921875001 0.7365735625000001 0.8986013578125001 0.6995192328125001 0.9070780765625001 0.738322440625 0.9228098921875001 0.7365735625000001
0 0.9367933703125001 0.7243322156249999 0.916083875 0.6907779734374999 0.9228098921875001 0.733076071875 0.9367933703125001 0.7243322156249999