0 1 0.824521990625 0.9756327484374999 0.6511399828125 0.9216744374999999 0.6587233296874999 0.68518053125 0.8473646421875 0.36617160000000004 0.9010282093749999 0.33431154375 0.8878462718750001 0.323818875 0.825746471875 0.29563691875 0.826175190625 0.2786778046875 0.893899153125 0.27348490000000003 0.89462896875 0.2746221875 0.8273626890625 0.2600443953125 0.8241136718750001 0.2551767671875 0.7894786875 0.23194419531250002 0.7874458171875001 0.23232195781249998 0.84037145625 0.20313909687499998 0.8462387703124999 0.2200709734375 0.7908804203125 0.20946918593750002 0.7782428921875 0 0.848862121875 0 0.89444880625 0.014614657812500001 0.9984375 0.51054979375 0.9984375 1 0.9311761234375 1 0.824521990625
0 0.35761439687499996 0.8099668 0.341135709375 0.808105878125 0.348889409375 0.86467535625 0.364366596875 0.865625 0.3703125 0.865625 0.3703125 0.8619190703124999 0.35761439687499996 0.8099668
0 0.4026487546875 0.809762684375 0.37703068906250004 0.8054010984375 0.39167096562500003 0.875 0.399895078125 0.875 0.4359375 0.8678579734375 0.4359375 0.857626853125 0.42431909062499995 0.7917355734375 0.4026487546875 0.809762684375
0 0.558984009375 0.8139954484375 0.5530376234375 0.8204039703125 0.54965409375 0.8358740109375 0.4545912453125 0.820607371875 0.45431525937500006 0.8065110765625001 0.4512041296875 0.8026673265625 0.4405982296875 0.870130259375 0.5378329453124999 0.871875 0.5609375 0.871875 0.5609375 0.8568212046875001 0.558984009375 0.8139954484375
0 0.6405146359375 0.8149263890625 0.6388344125 0.815408184375 0.6287255859374999 0.7928373718749999 0.61408534375 0.7988546109375 0.627568378125 0.8331926890625001 0.6124461171875 0.837528928125 0.603521859375 0.8000644234375001 0.567988775 0.8029763609374999 0.5899928 0.8859375 0.595178046875 0.8859375 0.6734375 0.8601363328125 0.6734375 0.8557776031250001 0.6498663203125 0.8031486062500001 0.6405146359375 0.8149263890625
0 0.6796259265625 0.7922847921875 0.669754828125 0.857557034375 0.6961489640625 0.8765625 0.698429975 0.8765625 0.7 0.8613811046875 0.7 0.82572294375 0.69913249375 0.7910658578125 0.6796259265625 0.7922847921875
0 0.72970654375 0.8329777734375 0.7292944453125 0.7776808609375 0.7248888906250001 0.7799268890625 0.7099683421874999 0.7805952640625 0.7152219109375 0.8458611156250001 0.73060128125 0.8546875 0.7328125 0.8546875 0.7328125 0.8536253046875 0.72970654375 0.8329777734375
0 0.7473887296874999 0.766567034375 0.7352183171875 0.77675871875 0.753586365625 0.8375 0.7581931671875 0.8375 0.7859375 0.8218945765625 0.7859375 0.8216068265625 0.77022921875 0.8175611249999999 0.7473887296874999 0.766567034375
0 0.766470821875 0.7724294015625001 0.79097108125 0.80625 0.7916262703125 0.80625 0.80625 0.799519775 0.80625 0.798073309375 0.7712631953125 0.7541333953125 0.766470821875 0.7724294015625001
0 0.8245564515625 0.7764914140625 0.8229972171875 0.777283121875 0.8284616093749999 0.776315865625 0.8389351640625 0.79375 0.8395113953125 0.79375 0.8421875 0.7557207359375 0.8421875 0.73428283125 0.8307981515625 0.740985025 0.8245564515625 0.7764914140625
0 0.8198852499999999 0.7446561625 0.8060456484375 0.74199814375 0.79935210625 0.79375 0.8035889484375 0.79375 0.8192891796874999 0.7892367578124999 0.8198852499999999 0.7446561625
0 0.890625 0.7137075421875 0.89188990625 0.724009378125 0.9000784625 0.7476706390625 0.8990255218750001 0.7484375 0.89973085625 0.7484375 0.9140625 0.7427590140625 0.9140625 0.740880696875 0.890625 0.7136110640625 0.890625 0.7137075421875
0 0.8713614859375 0.7515625 0.8762524140625001 0.7515625 0.8796875 0.7232331015625 0.8796875 0.713605546875 0.867665328125 0.715126003125 0.8713614859375 0.7515625
0 0.8483391203125 0.76070804375 0.865912396875 0.7561258046875 0.84939529375 0.7260809609375001 0.8424035546875001 0.7278297046875 0.8483391203125 0.76070804375
0 0.9228098921875001 0.7365735625000001 0.8986013578125001 0.6995192328125001 0.9070780765625001 0.738322440625 0.9228098921875001 0.7365735625000001
0 0.9367933703125001 0.7243322156249999 0.916083875 0.6907779734374999 0.9228098921875001 0.733076071875 0.9367933703125001 0.7243322156249999