0 0.5317326312499999 0.98340525 0.4397933015625 0.9356630796875001 0.44076589843749997 0.9245375828125001 0.43729779999999996 0.94872474375 0.4229082625 0.946208590625 0.4202985984375 0.9428302515625001 0.42722963593749996 0.922584975 0.3836585375 0.9202869343750001 0.350415690625 0.9843845859375 0.3324618015625 0.9839273578125001 0.3253346390625 0.9786687953125 0.356149640625 0.9236323000000001 0.3253613203125 0.92609890625 0.190497740625 0.8559877515625001 0.22205499843749998 0.7325537203125 0.2397326453125 0.665138359375 0.216303771875 0.6620806671875 0.204463128125 0.6576199515625001 0.205506571875 0.6530050593750001 0.199537571875 0.6526941093749999 0.20834209218750002 0.6173125484375 0.205738965625 0.6169370484375001 0.21301513125 0.57500669375 0.2133600796875 0.5715570640625 0.2116099265625 0.569800090625 0.20776159375 0.5690265390625 0.2055606328125 0.568952 0.20583056718749998 0.5708275578124999 0.1994679015625 0.5938526953125 0.196365990625 0.5935367546875 0.19942572187500002 0.5785139421875 0.1992229234375 0.57891040625 0.19620359999999998 0.5844126875 0.1944017296875 0.583929878125 0.20150332187500003 0.5671564375 0.1800743703125 0.558838525 0.1722557390625 0.5555843125 0.170807728125 0.5555827234375 0.16161824062500002 0.588436878125 0.16046311562499999 0.5880629625 0.1561048796875 0.5971741078125 0.15820728125 0.6106713015625 0.1540691296875 0.610979309375 0.149435578125 0.5763780109375001 0.147820053125 0.5773619484375 0.14647515625000002 0.576615178125 0.14845789843749999 0.573539996875 0.14545496875 0.56024155625 0.1210262078125 0.55627193125 0.11833260625 0.562958446875 0.077072228125 0.7300618484375 0.009167309375 0.726425559375 0.0001298671875 0.7597840031249999 0.0001298671875 0.9292758828125001 0.2582445375 0.9984375 0.5328125 0.9984375 0.5328125 0.99543676875 0.5317326312499999 0.98340525
0 0.10080608437500001 0.6134999015625 0.104910753125 0.6296875 0.105556809375 0.6296875 0.10625 0.6238456 0.10625 0.6072077109375 0.1048807546875 0.607423040625 0.10080608437500001 0.6134999015625
0 0.096875 0.6086576453125 0.097285271875 0.609375 0.0983033640625 0.609375 0.0984375 0.6089018859374999 0.0984375 0.60734124375 0.096875 0.6075348843749999 0.096875 0.6086576453125
0 0.1125 0.6042404140625 0.1125 0.605834253125 0.1437011859375 0.6090310796875 0.14375 0.6088882046874999 0.14375 0.6054577437499999 0.11306358593750002 0.6022098140625001 0.1125 0.6042404140625
0 0.198745290625 0.5943940890625 0.19249125312499998 0.5966442671875 0.19590628593749998 0.617013428125 0.1931036453125 0.6172053921875 0.188806321875 0.5972279031250001 0.1696744546875 0.6016437046875 0.1725341125 0.6352010875 0.1701194421875 0.635457571875 0.1649813359375 0.6030168406249999 0.15963113281250002 0.6040853828125 0.1726335484375 0.68125 0.1777367140625 0.68125 0.174555003125 0.664655009375 0.1901530578125 0.6486598953125 0.1882807421875 0.6475708359375 0.1895795703125 0.6462314421875 0.19202277968749998 0.6449627312499999 0.19379778125 0.645437375 0.20589453125 0.6335702750000001 0.20421036718750002 0.6217444671875 0.20415069687499998 0.6189827140624999 0.20530418125 0.6179182640625001 0.2078125 0.6175209859375 0.2078125 0.6143832437500001 0.205956853125 0.6053444484375 0.198745290625 0.5943940890625
0 0.24670444374999997 0.596742971875 0.24904116406250001 0.6078125 0.25240409375 0.6078125 0.2609375 0.5989425265625 0.2609375 0.5951280156250001 0.25995396875 0.592469775 0.24670444374999997 0.596742971875
0 0.23644130468750002 0.6162956859375 0.2335703328125 0.6157882265625 0.23966457343749997 0.59832203125 0.21970897812499998 0.5934286125 0.21615840625 0.6025763640624999 0.2168581921875 0.617303684375 0.22433969999999998 0.61875 0.23360591562500002 0.61875 0.24170186562499998 0.615915378125 0.2453125 0.6044175093749999 0.2453125 0.5997202109375 0.2417699734375 0.598883153125 0.23644130468750002 0.6162956859375
0 0.215625 0.6203125 0.215625 0.6195403265625 0.2149853296875 0.61875 0.21481051718750002 0.61875 0.21458582656249997 0.6203125 0.215625 0.6203125
0 0.7049006796875 1 0.8046875 0.955746690625 0.8046875 0.9534074859375 0.778555771875 0.9192930140625 0.705474615625 0.9350117171875001 0.7091330890624999 0.94223504375 0.6989041312500001 0.947084325 0.6937800375000001 0.93756281875 0.6263761140625 0.9531144203125 0.60714195625 0.967142121875 0.6125728671874999 1 0.7049006796875 1
0 0.84131105625 0.96323586875 0.8122987171875 0.9659403031249999 0.8292984375 0.9984375 0.83735750625 0.9984375 0.8484375 0.995186953125 0.8484375 0.9937944312500001 0.8426691859375 0.9932907156249999 0.84131105625 0.96323586875
0 0.895186465625 1 0.925 0.9911626312499999 0.925 0.9854353296875 0.92235896875 0.974240921875 0.86618069375 0.9790088125 0.8681704640625 1 0.895186465625 1
0 0.9421744328124999 0.9984375 0.9840748703125 0.9984375 0.996875 0.998050053125 0.996875 0.9975001421874999 0.9432810640625 0.9896865234375 0.9421744328124999 0.9984375