0 0.48060959218750005 0.86982106875 0.4773436859375 0.8591413453125 0.48318879062500003 0.8828664625 0.468904475 0.8859239421874999 0.4652192890625 0.8837691984375 0.4640616203125 0.8624016937500001 0.42280233906250003 0.87659300625 0.41599151093750003 0.9484763031250001 0.399173675 0.9547780140625 0.39059559374999997 0.95257224375 0.39854973125000004 0.889999790625 0.3709273046875 0.9038202953125 0.2196198703125 0.88933515 0.2026400484375 0.7630675515625 0.19377623906250002 0.69393895625 0.1709079328125 0.699880521875 0.1582584671875 0.700180203125 0.1574971625 0.69551046875 0.1518463171875 0.6974581875 0.1467555609375 0.6613547453125 0.14420131875 0.6619817343750001 0.135240275 0.6203788890624999 0.1342678515625 0.617051228125 0.1319869640625 0.616077809375 0.12812907499999998 0.61680219375 0.12606045625 0.617557578125 0.12701333125 0.6191954468749999 0.1297393390625 0.6429274781250001 0.12674494375 0.6437965390625 0.12395423125 0.6287214343749999 0.12391471875 0.629165 0.123176440625 0.635397684375 0.12132491249999999 0.6356250234374999 0.12162595312499999 0.61741265625 0.09864143125 0.6177278484375 0.090173071875 0.6176395046875001 0.0888299046875 0.6181804671875 0.0926169421875 0.6520847515625 0.091405859375 0.6521707796875 0.0907780671875 0.6622511125 0.09778351874999999 0.6739779171875 0.094062071875 0.675813678125 0.07680404375 0.6454676703125 0.07567474375 0.6469851484375 0.0741480328125 0.6467965625 0.074834415625 0.6432025546875 0.0670684640625 0.6319973734375 0.042931465625 0.6374679750000001 0.042938814062500004 0.6446766453125 0.06728089375 0.81506863125 0.0029583703125 0.8371347531250001 0.022310634375 0.9984375 0.3162201484375 0.9984375 0.5926905640625 0.9644912015625 0.596875 0.918306090625 0.596875 0.90528444375 0.5837387859375001 0.8796457578125001 0.48060959218750005 0.86982106875
0 0.10080608437500001 0.6134999015625 0.104910753125 0.6296875 0.105556809375 0.6296875 0.10625 0.6238456 0.10625 0.6072077109375 0.1048807546875 0.607423040625 0.10080608437500001 0.6134999015625
0 0.096875 0.6083759484375 0.09711976562499999 0.609375 0.0981387890625 0.609375 0.0984375 0.6088937703124999 0.0984375 0.6075339015625 0.096875 0.607288234375 0.096875 0.6083759484375
0 0.1125 0.602670184375 0.1125 0.6036763828125 0.1422321421875 0.609375 0.14347432499999999 0.609375 0.14375 0.6087518171874999 0.14375 0.6060414703125 0.11345073593749999 0.600128925 0.1125 0.602670184375
0 0.198745290625 0.5943940890625 0.19249125312499998 0.5966442671875 0.19590628593749998 0.617013428125 0.1931036453125 0.6172053921875 0.188806321875 0.5972279031250001 0.1696744546875 0.6016437046875 0.1725341125 0.6352010875 0.1701194421875 0.635457571875 0.1649813359375 0.6030168406249999 0.15963113281250002 0.6040853828125 0.1726335484375 0.68125 0.1777367140625 0.68125 0.174555003125 0.664655009375 0.1901530578125 0.6486598953125 0.1882807421875 0.6475708359375 0.1895795703125 0.6462314421875 0.19202277968749998 0.6449627312499999 0.19379778125 0.645437375 0.20589453125 0.6335702750000001 0.20421036718750002 0.6217444671875 0.20415069687499998 0.6189827140624999 0.20530418125 0.6179182640625001 0.2078125 0.6175209859375 0.2078125 0.6143832437500001 0.205956853125 0.6053444484375 0.198745290625 0.5943940890625
0 0.2605688671875 0.592892725 0.24711385937500002 0.5964666375000001 0.2488946 0.6078125 0.25223361875 0.6078125 0.2622856734375 0.59840335 0.2605688671875 0.592892725
0 0.23644130468750002 0.6162956859375 0.2335703328125 0.6157882265625 0.23966457343749997 0.59832203125 0.21970897812499998 0.5934286125 0.21615840625 0.6025763640624999 0.2168581921875 0.617303684375 0.22433969999999998 0.61875 0.23360591562500002 0.61875 0.24170186562499998 0.615915378125 0.2453125 0.6044175093749999 0.2453125 0.5997202109375 0.2417699734375 0.598883153125 0.23644130468750002 0.6162956859375
0 0.215625 0.6203125 0.215625 0.6195456640625 0.21504721718750003 0.61875 0.21481939687499998 0.61875 0.21451049218749998 0.6203125 0.215625 0.6203125
0 0.7841909984375001 1 0.785545421875 0.9881999828125 0.722056109375 0.9487406343749999 0.7196700500000001 0.9564780515625 0.7089433578125 0.9528607015624999 0.7118715890625 0.9424520078124999 0.6525822140625 0.9068161953124999 0.629001859375 0.9035457078125001 0.5881187328124999 0.9627765984375 0.68992595625 1 0.7841909984375001 1
0 0.8421782625 0.9637513015625 0.8130892140625001 0.965441571875 0.8289086031249999 0.9984375 0.8383902031250001 0.9984375 0.85 0.9954673749999999 0.85 0.9947565171875 0.8424866671875 0.9938352374999999 0.8421782625 0.9637513015625
0 0.8707864796875 0.9684640953124999 0.8620523125 0.9960225953125 0.8832837250000001 0.9984375 0.921875 0.9984375 0.921875 0.9852106624999999 0.8707864796875 0.9684640953124999
0 0.9694879437499999 1 0.996875 0.9922844328125 0.996875 0.9917488765625 0.9427875046875 0.9971524078125 0.94312669375 1 0.9694879437499999 1