0 0.5703602562500001 1 0.58248556875 0.94380875 0.5718152625 0.9146960343750001 0.47065210625000004 0.8923762890625 0.4687120734375 0.8813781578125001 0.47162224531249997 0.9056387703125001 0.457071790625 0.9069326390624999 0.45367667031250003 0.9043448453125 0.45513167499999996 0.8829955265624999 0.41245044843749995 0.8920528187500001 0.3969300171875 0.9625702765625 0.37946955312499997 0.9667754375 0.3712242265625 0.9635407031250001 0.3867447390625 0.9024040203125001 0.3576439109375 0.9127551828125 0.20922959375 0.8799382703124999 0.2077644859375 0.75254253125 0.207391403125 0.6828489828125 0.183969459375 0.685959315625 0.1713777578125 0.68471518125 0.171191225 0.679987475 0.165345134375 0.6812320109375001 0.1646922265625 0.6447772703125 0.1620806125 0.645088303125 0.1582564734375 0.6027034812500001 0.1576968390625 0.599282115625 0.1555515828125 0.5980379828125 0.15163416875 0.598286809375 0.1494889109375 0.5987844625000001 0.150235078125 0.6005262484375 0.150048559375 0.6244136015625 0.146970571875 0.6249112593749999 0.1460378546875 0.6096084203125 0.14594457968750002 0.6100438640625 0.14445223125 0.6161401171875001 0.1425867984375 0.6161401171875001 0.14510512343749998 0.5981001906250001 0.12225351250000001 0.595611925 0.11385904218750001 0.59449220625 0.112459959375 0.5948654453125 0.1120868765625 0.6289785359375 0.1108743359375 0.6289163296875 0.10902274062499999 0.6388450156250001 0.1145468359375 0.6513381609375 0.11062940624999999 0.6527067078125001 0.0971982640625 0.6204836703125001 0.0958924484375 0.6218522109375 0.0944001 0.6214789703125 0.09551936562499999 0.6179954015625 0.08917686875 0.605927309375 0.064553084375 0.608415575 0.06368186249999999 0.6155714078125001 0.067076940625 0.7876598718750001 0.000544684375 0.801722571875 0 0.9984323312500001 0 1 0.5703602562500001 1
0 0.10329075937500001 0.6071592124999999 0.0998736140625 0.6136287031250001 0.10626697968750001 0.6309787 0.106597671875 0.6062770078125 0.10329075937500001 0.6071592124999999
0 0.09777765000000001 0.6098128359375 0.0989901859375 0.606625659375 0.09635113749999999 0.6067208 0.09777765000000001 0.6098128359375
0 0.14435325625 0.6026773671875 0.112477715625 0.6054426625 0.1121854203125 0.609146859375 0.143853975 0.606292671875 0.14435325625 0.6026773671875
0 0.17123231562500002 0.6627179625 0.1891405203125 0.6493598484375 0.18746162187499998 0.6479913015625 0.1889539875 0.6468715796875 0.1915655859375 0.646000690625 0.193244484375 0.6467471625 0.2070487265625 0.636918515625 0.20723526093750003 0.624974840625 0.207608359375 0.6222377546875 0.208914159375 0.6213668546875 0.21208540625 0.6213668546875 0.2115257734375 0.6090499453125 0.20611601093749998 0.597106265625 0.199586965625 0.59835039375 0.1997735140625 0.6190030046875 0.19697535 0.6187541750000001 0.1958561 0.59835039375 0.1762689953125 0.5997189453125 0.1738439140625 0.6333105296875 0.17141884999999998 0.6331861187500001 0.17141884999999998 0.6003410109375 0.1659673609375 0.600559440625 0.16675525156249998 0.68050906875 0.1717919328125 0.6800114109375001 0.17123231562500002 0.6627179625
0 0.2476325734375 0.5943244953125 0.2476126484375 0.608567709375 0.26231462968749997 0.5986107578125 0.2614810125 0.592899409375 0.2476325734375 0.5943244953125
0 0.2694382734375 0.5937586390625 0.271863353125 0.59204018125 0.2694382734375 0.5924445234375 0.2694382734375 0.5937586390625
0 0.21593516875000002 0.5970439265625 0.215556253125 0.6068492484375 0.2210126609375 0.620546375 0.23457790156249997 0.61862575 0.24405082656250002 0.611145396875 0.243596125 0.5945167828125 0.23857007343749997 0.5950189390625 0.239200684375 0.61321765625 0.236320915625 0.613672540625 0.2363966953125 0.5951738390625 0.21593516875000002 0.5970439265625
0 0.2149499859375 0.6206474640625 0.216844571875 0.6204452890625001 0.21510155000000003 0.6185752 0.2149499859375 0.6206474640625
0 0.71524501875 0.9407020046874999 0.715649209375 0.948788878125 0.7043322109375 0.9490584249999999 0.7035238640625 0.9382759390625001 0.635621909375 0.9250673890625001 0.6123450515625 0.9300590937500001 0.5941856375000001 0.9997007765625 0.7989099328125 1 0.78840135 0.9560670390625001 0.71524501875 0.9407020046874999
0 0.844986340625 0.966849525 0.8162626140624999 0.9619528609374999 0.8247773859375 1 0.8474113484375 0.9994665421875 0.8385194265625 0.9962317875 0.844986340625 0.966849525
0 0.8684848359374999 0.9715824906250001 0.8631743078125 1 0.9229926875000001 0.9994665421875 0.9238010687499999 0.9824841296875 0.8684848359374999 0.9715824906250001
0 0.941989103125 0.9991969718749999 1 0.9994665421875 0.9436057984374999 0.9892231859375 0.941989103125 0.9991969718749999