0 0.7770826078125 0.891280584375 0.776360196875 0.8110605984375001 0.758300996875 0.8060016734375001 0.741686621875 0.8067243656249999 0.7395194968750001 0.8197330078125 0.738797084375 0.8370778828125 0.738797084375 0.8623724765624999 0.7322958171875 0.8630951687499999 0.7272392640625001 0.8500865234375 0.730851103125 0.824069240625 0.7236274234375 0.824069240625 0.7207378875 0.8399687046875 0.7171260453125 0.8399687046875 0.71568133125 0.8161194953124999 0.71134708125 0.8161194953124999 0.7120694921874999 0.783597875 0.7048458125 0.783597875 0.7055681703125 0.8060016734375001 0.6954550078125 0.8081697765625 0.6882313296875 0.8052789546874999 0.687508971875 0.7720346421875 0.6810076484375001 0.7720346421875 0.6925655234375 0.9967951906250001 0.6852624281249999 0.99859521875 0.8579877953124999 0.998240571875 0.8471522765625 0.9888455 0.822591809375 0.9975178828125 0.818979971875 0.9563238796875 0.8038102 0.927415771875 0.8030878984375001 0.9404243578125 0.7886405390625 0.9433151796875 0.7908075546875 0.9079027375000001 0.780694446875 0.8999530218749999 0.7770826078125 0.891280584375
0 0.2580236953125 0.849363834375 0.25946840937500004 0.8587589640625 0.3042552 0.859481653125 0.3093118078125 0.8450276015625 0.2580236953125 0.849363834375
0 0.5520274281249999 0.7568579109375 0.551305071875 0.7120503265625 0.5419142671875 0.7142184281249999 0.5173537453125 0.741681125 0.5187985140625 0.7597486921875001 0.5520274281249999 0.7568579109375
0 0.6076497937500001 0.7503535625 0.6213747406250001 0.764807615625 0.6192076156249999 0.6947054500000001 0.5889721109375 0.6982845453125 0.5867011125 0.7510762671875 0.5939247359375 0.7503535625 0.6076497937500001 0.7503535625
0 0.6553260125 0.77926166875 0.6697733703125001 0.7727573343749999 0.6625496921875 0.7366222140625001 0.6625496921875 0.7171092640625 0.6553260125 0.71349575 0.650269459375 0.7344540984375 0.6466576203125001 0.73517683125 0.6495471562499999 0.693260053125 0.6365445125 0.6947054500000001 0.6322102593750001 0.6954281828125 0.631487959375 0.7676984375 0.6553260125 0.77926166875
0 0.6350997984375 0.8270552531250001 0.629612053125 0.881651971875 0.670495784375 0.871140103125 0.670495784375 0.826332559375 0.6350997984375 0.8270552531250001
0 0.5889721109375 0.831980928125 0.589590596875 0.84729089375 0.6199300265625001 0.8487363312499999 0.6192076156249999 0.8292233265625001 0.5889721109375 0.831980928125
0 0.5968142734375 0.8639130765624999 0.5880690000000001 0.8644928843749999 0.5874234687500001 0.8819806437500001 0.6213747406250001 0.876921746875 0.620652440625 0.8653584593750001 0.5968142734375 0.8639130765624999
0 0.437249653125 0.85636489375 0.43572620000000006 0.86608120625 0.480512990625 0.8704174109375 0.481957759375 0.8624676953125 0.437249653125 0.85636489375
0 0.401125259375 0.94216033125 0.4010525171875 0.967982271875 0.4227235546875 0.9585871156250001 0.422001196875 0.9130568796875 0.401125259375 0.94216033125
0 0.5022735625 0.8807488609374999 0.5086853515625 0.9246201125000001 0.539024784375 0.8993255187500001 0.5303563890625 0.8545179203125001 0.5022735625 0.8807488609374999
0 0.42189678593749996 0.7091579875 0.421278840625 0.7475579296875 0.440060396875 0.7482806484375 0.44222752187500003 0.707809284375 0.42189678593749996 0.7091579875
0 0.050704059375 0.8870395406249999 0.057927740625 0.8328368390625001 0.0008606875 0.8313914562500001 0.00014448125 0.8789426421875 0 0.8819806437500001 0.004472528125 0.8863168484375 0.050704059375 0.8870395406249999
0 0.0913585765625 0.8310778203125 0.09332378125 0.851627153125 0.11643955937499999 0.8530725359375 0.1193290171875 0.829946071875 0.0913585765625 0.8310778203125
0 0.1365140703125 0.830174709375 0.13738821406249999 0.8501817140625001 0.1503908609375 0.8501817140625001 0.1554474140625 0.8306687640625 0.1365140703125 0.830174709375
0 0.1392233984375 0.8644928843749999 0.1366658578125 0.8834260265625 0.1568921828125 0.8841487734375001 0.1612263796875 0.8624676953125 0.1392233984375 0.8644928843749999
0 0.08754484375 0.8653584593750001 0.08754484375 0.8819806437500001 0.1149948203125 0.8834260265625 0.11643955937499999 0.8653584593750001 0.08754484375 0.8653584593750001
0 0.07239326874999999 0.836496478125 0.0651514203125 0.844400128125 0.06659616093750001 0.8819806437500001 0.0723750984375 0.8783671296875 0.07239326874999999 0.836496478125
0 0.18969087812500002 0.8108536328125 0.18479360625000002 0.817852971875 0.186892428125 0.8490000140625 0.1917897015625 0.8441004875000001 0.18969087812500002 0.8108536328125
0 0.199946625 0.83407309375 0.20753091562499998 0.8857465390625 0.2089301421875 0.8350013390625 0.199946625 0.83407309375