0 0.78321358125 1 0.7914458359375 0.9692536031250001 0.78707806875 0.9369005015624999 0.781950128125 0.94887753125 0.7673853328125 0.9466527265625 0.7815334296875001 0.9141170781250001 0.7747491796875 0.9031879046875 0.774321309375 0.8938031562500001 0.8 0.821224540625 0.8 0.8173998328125001 0.7858394734374999 0.807243503125 0.7699798921875 0.8022401609375001 0.7634942437500001 0.8137230875 0.7568831015625 0.8297748578125 0.748231840625 0.8535440015625 0.7418754734374999 0.8519995437500001 0.7415730859375 0.838045975 0.7538655390625 0.8148330484375 0.7470775 0.8123624046875 0.7389242874999999 0.8263147328124999 0.7355302671875 0.825079409375 0.7423295890625 0.8021743640624999 0.7382567265625 0.8006919625 0.7500586203124999 0.7703787156249999 0.74327058125 0.76790806875 0.736286825 0.789207815625 0.7260420265625 0.7877862609374999 0.720242709375 0.7825991343750001 0.7309341390624999 0.7511126359375 0.7248248937499999 0.7488890546875 0.6588131078125 0.9640479078125 0.651334796875 0.9632415765625 0.752976596875 1 0.78321358125 1
0 0.26267433125 0.8654716046875001 0.30571544687499996 0.853068325 0.30625 0.8396533421875001 0.30625 0.8377975453125 0.258545875 0.856909390625 0.26267433125 0.8654716046875001
0 0.5167260390624999 0.7385630171875001 0.5150114578125 0.7566069796875 0.5287134546875001 0.7578125 0.54851194375 0.7578125 0.553125 0.7289360640625 0.553125 0.7153923265625 0.5456822781249999 0.7157824296874999 0.5167260390624999 0.7385630171875001
0 0.6014657328124999 0.6949748984374999 0.5804267125 0.7434463640625 0.587429540625 0.7453603765625 0.6002429859375 0.750278996875 0.6066051109374999 0.765625 0.6089461218750001 0.765625 0.6309756421875 0.7024689609375 0.6014657328124999 0.6949748984374999
0 0.661397559375 0.7165947125 0.654052171875 0.7132355031250001 0.649730134375 0.734357553125 0.6461457171875 0.7352058984375 0.64757061875 0.6932138109375 0.6346263390625 0.6951121140625001 0.63031995 0.6959856703125 0.6321202875 0.7682371078125 0.6544579578125 0.778125 0.6580442515625 0.778125 0.66875 0.7728483625 0.66875 0.7643073640625 0.6620785515625001 0.736095775 0.661397559375 0.7165947125
0 0.6313732984375 0.8296747671875 0.63347059375 0.8828125 0.6376370734375 0.8828125 0.671875 0.868687121875 0.671875 0.8635286984375 0.6663242328125001 0.8240329375 0.6313732984375 0.8296747671875
0 0.5874966453125 0.8421474281249999 0.611122503125 0.8515625 0.6162675875 0.8515625 0.61875 0.843381534375 0.61875 0.834060553125 0.5918962921875 0.8274702109375 0.5874966453125 0.8421474281249999
0 0.5892471453125 0.8637507062499999 0.586975025 0.8796875 0.61888216875 0.8796875 0.6203125 0.8796256765624999 0.6203125 0.867809084375 0.5980051171875 0.8640882046874999 0.5892471453125 0.8637507062499999
0 0.4371483515625 0.8703125 0.43816785156250004 0.8703125 0.48125 0.8669446125 0.48125 0.8588366093750001 0.43696295156250003 0.8605588328125 0.4371483515625 0.8703125
0 0.400235278125 0.9536398203124999 0.400235278125 0.965625 0.40343177499999994 0.965625 0.4217137734375 0.958446215625 0.421875 0.9499805328125 0.421875 0.9138333359375 0.400701921875 0.9412756671875 0.400235278125 0.9536398203124999
0 0.5015494687500001 0.8828190421875 0.5131006765625 0.925 0.5138060953125 0.925 0.5390625 0.8980871140625 0.5390625 0.892986984375 0.526226221875 0.8533611875 0.5015494687500001 0.8828190421875
0 0.42092729375 0.7093398234375 0.42223255625 0.7453125 0.440625 0.7453125 0.440625 0.7069926421875 0.42092729375 0.7093398234375
0 0 0.880336575 0.038112914062499996 0.8890625 0.045056753125 0.8890625 0.0625 0.84005226875 0.0625 0.8389279500000001 0.0073492765625 0.8257374437499999 0 0.8579217890624999 0 0.880336575
0 0.0952904171875 0.8531084640625 0.1171875 0.851799075 0.1171875 0.828628446875 0.0908355265625 0.8329518015625 0.0952904171875 0.8531084640625
0 0.1353021 0.84807474375 0.14746535624999998 0.8515625 0.1478578109375 0.8515625 0.1546875 0.8399809156250001 0.1546875 0.8332387125 0.139976496875 0.8286018296875 0.1353021 0.84807474375
0 0.138772103125 0.8828125 0.1549734890625 0.8828125 0.1578125 0.8824662515625 0.1578125 0.8607447640625001 0.1383813140625 0.8656828265625001 0.138772103125 0.8828125
0 0.0995432296875 0.8828125 0.1140625 0.8828125 0.1140625 0.865625 0.0870399421875 0.865625 0.0870399421875 0.8821541375 0.0995432296875 0.8828125
0 0.059880218750000005 0.8477706390625 0.075586359375 0.8796875 0.077716965625 0.8796875 0.0796875 0.876764153125 0.0796875 0.8744968390625001 0.063281271875 0.8376047734375 0.059880218750000005 0.8477706390625
0 0.18289611249999999 0.846875 0.1844897015625 0.846875 0.1886899625 0.8444486890625 0.19375 0.8193260921875 0.19375 0.813065796875 0.1887256109375 0.8172848140625 0.18289611249999999 0.846875
0 0.2078125 0.8812945546875 0.2078125 0.8344154234375001 0.19914303125 0.8338245046875 0.2078125 0.8812945546875