0 0.80424214375 1 0.80625 0.9712082843750001 0.80625 0.9619389296874999 0.796325146875 0.9325980250000001 0.793576746875 0.9453334609375 0.778855034375 0.9459286265625 0.786535096875 0.9112911671875 0.7777901078125 0.9018572859375 0.7755794046875 0.8927266046875 0.7874150578125 0.81338125 0.7703695875000001 0.805559528125 0.753846709375 0.8036742609375 0.7496712640625 0.8161837328124999 0.746244409375 0.8332020531250001 0.7422874640625 0.8581852281250001 0.735753184375 0.8578820015625 0.7327938859375001 0.8442424953125001 0.7404312562500001 0.8191105437499999 0.7332965125 0.8179805109375 0.727955328125 0.8332322031249999 0.724387953125 0.8326671875 0.7266918640625 0.8088855984375 0.7224109765625 0.8082075718749999 0.7282119953125 0.77619935625 0.7210772515625 0.7750693234375 0.7182859890625 0.797310296875 0.7079581703125 0.797869659375 0.7012756515625 0.793884396875 0.70576274375 0.760936375 0.6993414625 0.75991934375 0.6755967453125 0.9837207671874999 0.6681019765625 0.9843561781249999 0.7682029796875 1 0.80424214375 1
0 0.25939619999999997 0.856634003125 0.28581000156249997 0.859375 0.30479878125000004 0.859375 0.309375 0.8492312546875 0.309375 0.8472964859375001 0.2587758234375 0.8471487109375 0.25939619999999997 0.856634003125
0 0.5208341625 0.7471183640625 0.5278673078125 0.7625 0.5307379328125 0.7625 0.5578125 0.7498910359375001 0.5578125 0.7474413640625001 0.5426610000000001 0.7078125 0.542372640625 0.7078125 0.5345207078125 0.7129116765625 0.5208341625 0.7471183640625
0 0.6052718375 0.6911823781249999 0.57857871875 0.7058272765625 0.595916321875 0.7546875 0.5980351015625 0.7546875 0.6026761125 0.7522495421875 0.6154017625 0.7471080453125001 0.6320471015625 0.7546875 0.6328125 0.7546875 0.6328125 0.7537120984375 0.6052718375 0.6911823781249999
0 0.65036434375 0.733663953125 0.6466818765625 0.733748515625 0.6568062859375 0.6929703109375 0.6437501906249999 0.6921358625 0.6393562828125 0.69209498125 0.6260953578125 0.7631418625 0.646811375 0.778125 0.6497066890625 0.778125 0.662920659375 0.7747720953125 0.6620815234374999 0.73793156875 0.6640625 0.726696890625 0.6640625 0.71767075625 0.65898345625 0.7139020703125001 0.65036434375 0.733663953125
0 0.6265625 0.876727675 0.6265625 0.878125 0.6339242796875 0.878125 0.6679517500000001 0.874296578125 0.6734375 0.8352634468750001 0.6734375 0.8298352328125 0.6390356609375 0.8257145875 0.6265625 0.876727675
0 0.5885722703125 0.831634921875 0.5891248109375 0.8453125 0.6171875 0.8453125 0.6171875 0.8290250968749999 0.5885722703125 0.831634921875
0 0.5950272421875 0.865076028125 0.5864178156250001 0.8667172921875 0.5876601265625 0.88125 0.5983953171875 0.88125 0.6203125 0.8751821328125 0.6203125 0.8713653984375 0.618863871875 0.8636054937500001 0.5950272421875 0.865076028125
0 0.43663914843749996 0.86360553125 0.4381927640625 0.8733170671874999 0.48125 0.863795215625 0.48125 0.8571107203125001 0.48104495312499995 0.8555940765625 0.43663914843749996 0.86360553125
0 0.400812734375 0.9423981078124999 0.40117558437499995 0.9671875 0.4034569859375 0.9671875 0.421875 0.9588178171875 0.421875 0.933859984375 0.42117756875 0.9129347531249999 0.400812734375 0.9423981078124999
0 0.5015494687500001 0.8828190421875 0.5131006765625 0.925 0.5138060953125 0.925 0.5390625 0.8980871140625 0.5390625 0.892986984375 0.526226221875 0.8533611875 0.5015494687500001 0.8828190421875
0 0.4194023765625 0.7108019421875 0.4240754953125 0.7484375 0.4288305 0.7484375 0.4421875 0.747081609375 0.4421875 0.7395279921875 0.4393475515625 0.7066368734374999 0.4194023765625 0.7108019421875
0 0.000081384375 0.8409054078124999 0.000081384375 0.8631823484375 0.009707975 0.8880822390625 0.010712070312499999 0.8909531484375 0.013749878125 0.8921875 0.0193609984375 0.8921875 0.059375 0.8767438328124999 0.059375 0.8756993078124999 0.0460121421875 0.82368769375 0.000081384375 0.8409054078124999
0 0.09352164843750001 0.8508863921875 0.108362409375 0.853125 0.11668464687499999 0.853125 0.11875 0.8435087906250001 0.11875 0.8314340031249999 0.093354915625 0.8302439765624999 0.09352164843750001 0.8508863921875
0 0.135101521875 0.84785810625 0.1472180484375 0.8515625 0.147595653125 0.8515625 0.1546875 0.8400023234375 0.1546875 0.833344128125 0.14011505625 0.8284697375000001 0.135101521875 0.84785810625
0 0.1366925421875 0.8686765234375 0.14173608124999998 0.887103884375 0.159375 0.88034935 0.159375 0.8737700125 0.1561550875 0.858215078125 0.1366925421875 0.8686765234375
0 0.08632010625 0.8690494953125001 0.08632010625 0.8706830015625 0.0894811515625 0.884375 0.0951155734375 0.884375 0.115625 0.8807638515624999 0.115625 0.872815103125 0.11411621093749999 0.862632259375 0.08632010625 0.8690494953125001
0 0.06425740156250001 0.8450510250000001 0.06802109687499999 0.8796875 0.07210511093750001 0.8796875 0.0734375 0.8787188468749999 0.0734375 0.8727413984375 0.070930278125 0.8366614625000001 0.06425740156250001 0.8450510250000001
0 0.1803324828125 0.846875 0.18236617187499998 0.846875 0.1863362734375 0.8451063031249999 0.1953125 0.8164417359374999 0.1953125 0.8139763640625001 0.1892111234375 0.818094959375 0.1803324828125 0.846875
0 0.215625 0.8412719359375 0.215625 0.837041446875 0.20890438281249998 0.8337781921874999 0.19847221875 0.884375 0.1985771703125 0.884375 0.215625 0.8412719359375