0 0.10998588281249999 1 0.082018525 0.9640804125000001 0.0697827140625 0.846912778125 0.005108190625 0.8661492375 0.0069929671875 1 0.10998588281249999 1
0 0.42670619062500004 1 0.3761129296875 0.94216645 0.3761129296875 0.9267892015625 0.386359665625 0.9287113984375001 0.38507879375 0.9018011781249999 0.3895617734375 0.8825796328125 0.399168096875 0.870406 0.4126169375 0.8601544921875 0.40685313437500004 0.817226365625 0.3607428046875 0.8287593125000001 0.362058346875 1 0.42670619062500004 1
0 0.680313146875 0.9248670499999999 0.675830165625 0.947292165625 0.6700663625 0.9761244874999999 0.658302471875 0.9985829015625001 0.71489591875 0.999831090625 0.71489591875 0.943447865625 0.680313146875 0.9248670499999999
0 0.8115995078125 1 0.797510253125 0.9242263171875 0.7923868609375 0.92999279375 0.7674104609375 0.9396035656249999 0.736029846875 0.9396035656249999 0.739969771875 0.9993835624999999 0.7366702093749999 1 0.8115995078125 1
0 0.8327334343749999 0.8460586843750001 0.8269696796874999 0.8614359328125 0.8314526125 0.88450178125 0.8167228984375001 0.88834610625 0.8264410281250001 0.9977822421875 0.854507825 1 0.8449015031249999 0.8518251609374999 0.8327334343749999 0.8460586843750001
0 0.9998834875 1 1 0.7627653125 0.95057105 0.7435437640625 0.9492901296875 0.7557174203125 0.933920053125 0.7980048171874999 0.9287966609374999 0.8191485390625 0.9281562984375 0.8274778703125 0.933920053125 0.8889868156249999 0.9403242687500001 0.9325556515625 0.9486497671875 0.9665137140625 0.942885915625 0.967154471875 0.92367326875 0.9261484687499999 0.9185499765625 0.8941125546875 0.913426584375 0.8434958265624999 0.9070223703125 0.847340128125 0.8903713703125 0.853747309375 0.8685970796875001 0.8518251609374999 0.869676659375 1 0.9998834875 1
0 0.5061771109375 0.7776007984375 0.5086801640624999 0.8326036125 0.531094915625 0.8114599140625 0.5266119859375 0.771735378125 0.5061771109375 0.7776007984375
0 0.5650372765625 0.7813461515625 0.5682393828125 0.759561721875 0.54060548125 0.7687935390625 0.5419820625 0.8140227734375 0.5535096687500001 0.8108191828125 0.563115990625 0.7980048171874999 0.5650372765625 0.7813461515625
0 0.5976987625 0.7493102375 0.5798378125 0.7567836421874999 0.5740031375 0.7973641078125 0.5893732640625 0.78262759375 0.595777478125 0.7813461515625 0.5976987625 0.7493102375
0 0.6201135140625 0.74098090625 0.6111476031249999 0.744184496875 0.6130688890625 0.778142559375 0.6201135140625 0.7775018515625 0.6201135140625 0.74098090625
0 0.6847960765625001 0.737777315625 0.6918407046875 0.7166336296875 0.6860769015625 0.7147114546875 0.64188785625 0.7358551656250001 0.6425282671875 0.771735378125 0.6694259515625001 0.757639571875 0.6847960765625001 0.7525138296875 0.6847960765625001 0.737777315625
0 0.7712530281250001 0.719837221875 0.7680509234375 0.7166336296875 0.752040384375 0.7134300390625 0.7315468171874999 0.707663553125 0.7277043484375 0.732010840625 0.7392319546875 0.7294479953125 0.744995709375 0.721759346875 0.7712530281250001 0.719837221875