0 0.0650953421875 1 0.115625 0.99468911875 0.115625 0.9917264593749999 0.08664577031250001 0.9616175171875 0.06222963593750001 0.846370728125 0 0.8722289625 0 0.8729310078125 0.01516721875 1 0.0650953421875 1
0 0.38027238125 0.9294580328125001 0.390697628125 0.9293897453125 0.3843055765625 0.9032183421875001 0.38503854843749996 0.8834945578125 0.3921455375 0.8697116171875001 0.4033912046875 0.8570822984375001 0.38954222656250004 0.8160426671875 0.34647966406249997 0.8361619875 0.37931853437499996 0.9984375 0.40909009375 0.9984375 0.4421875 0.992004015625 0.4421875 0.99033659375 0.3832064984375 0.9445527578125 0.38027238125 0.9294580328125001
0 0.7009747203125001 1 0.7203034781250001 0.9565868999999999 0.6962680437500001 0.9255463984375 0.6830515203124999 0.9442093687499999 0.6660588625 0.96820465625 0.646177353125 0.9839366328124999 0.6802158125 1 0.7009747203125001 1
0 0.7802140703125 1 0.8203125 0.9846076546875 0.8203125 0.9800037375 0.7822906046875 0.918038290625 0.7795740265625 0.9252578203124999 0.759700740625 0.943180990625 0.7304044140625 0.9544267968750001 0.751433959375 1 0.7802140703125 1
0 0.83410841875 0.861041071875 0.8357469171874999 0.884481321875 0.8206584906250001 0.8865018921875001 0.8169672734375 0.99630665 0.82742395625 0.9984375 0.8447552984375 0.9984375 0.8515625 0.8800429109374999 0.8515625 0.8527272296874999 0.8417032265625 0.8464808671874999 0.83410841875 0.861041071875
0 1 0.7650698796875 0.9705474046875 0.7478938562499999 0.9673778765625001 0.7597172546875 0.9455818234375 0.7990796125 0.9372139031250001 0.8191615453125 0.9352784296875001 0.8272881546875 0.9313491031250001 0.888941471875 0.9308588046875 0.9329757437499999 0.9337695937499999 0.9678181203125 0.927976465625 0.967549325 0.9154151109375 0.924042653125 0.9153664156250001 0.8915996953124999 0.9182243015625 0.8408046671875 0.9112975546875001 0.8435998 0.8938492515625001 0.8473233078125 0.872643728125 0.842018575 0.8505303640624999 0.9885380187499999 0.9228984656250001 1 0.9805493234375 1 1 0.877582409375 1 0.7650698796875
0 0.4976881390625 0.7840158328125 0.520613346875 0.83407589375 0.53125 0.8109197531250001 0.53125 0.8019659640624999 0.5144378 0.7709224703124999 0.4976881390625 0.7840158328125
0 0.558282203125 0.7569290671875 0.5351594203125 0.774654640625 0.55067621875 0.815625 0.5531431828125 0.815625 0.5610427828125 0.8101894749999999 0.5640625 0.8008162890625 0.5640625 0.786358684375 0.5623468671875 0.7785691546875 0.558282203125 0.7569290671875
0 0.5765625 0.7584628359375001 0.5765625 0.7598441859375 0.5790338109375 0.796875 0.5809415484375 0.796875 0.591174725 0.781820528125 0.596875 0.779363821875 0.596875 0.7772605484375 0.5923912234375 0.7475002671875 0.5765625 0.7584628359375001
0 0.6067491328125 0.776420153125 0.6073285234375 0.7765625 0.614150659375 0.7765625 0.6234375 0.7495915546874999 0.6234375 0.7436005625 0.6159881859375 0.7436866656250001 0.6067491328125 0.776420153125
0 0.6460714609375 0.727341734375 0.633224275 0.7608491890625 0.66344375625 0.7578558359375 0.679614825 0.758861078125 0.6851352203125 0.7451976218749999 0.6984375 0.7295824 0.6984375 0.7272523265624999 0.6949634046875001 0.724291134375 0.6460714609375 0.727341734375
0 0.75117075625 0.7132913609375 0.7304884265625 0.708243603125 0.72786745 0.7296875 0.7389702875 0.7296875 0.7444210625000001 0.7218614515625 0.76875 0.7192241640625 0.76875 0.717302553125 0.767283346875 0.715934240625 0.75117075625 0.7132913609375