0 0 0.9075004812499999 0.025744134374999998 0.9984375 0.0723414546875 0.9984375 0.1265625 0.9839090140625 0.1265625 0.981911359375 0.09220205000000001 0.9559291765625 0.05005795 0.8459207937500001 0 0.8766736875 0 0.9075004812499999
0 0.35 0.9927562171875 0.35 0.9945756046875 0.3774788171875 0.9984375 0.41044556249999997 0.9984375 0.3717296390625 0.9392275921875 0.3738697390625 0.9239999937500001 0.3837492359375 0.9273295546875 0.3862260078125 0.900502959375 0.39334048125 0.8820923875 0.404547559375 0.8713741687500001 0.41875 0.8633986515625001 0.41875 0.819867259375 0.37229231875 0.8247850171875 0.35 0.9927562171875
0 0.6788216140625 0.9447014640625 0.666719675 0.9714982421875 0.6502052484374999 0.99073475 0.68050503125 0.9984375 0.706509015625 0.9984375 0.7171875 0.952183903125 0.7171875 0.9492495203125 0.68823425 0.9238595546875 0.6788216140625 0.9447014640625
0 0.7731788203125001 0.9384606515625 0.7424839484375 0.9319362546875001 0.733908815625 0.9912290718750001 0.7305531921874999 0.9911460218749999 0.764856903125 0.9984375 0.80405730625 0.9984375 0.8046875 0.9738262921875 0.8046875 0.9305103656249999 0.79960761875 0.9342527828125 0.7731788203125001 0.9384606515625
0 0.8061940046875 0.852438128125 0.8060371765625 0.8688593359375 0.8181387390625 0.8890008890625 0.8056121734374999 0.8976512328125 0.852038478125 0.996875 0.8532161140625 0.996875 0.8765625 0.9904083546875 0.8765625 0.9834006546875 0.8196005 0.8536951187499999 0.8061940046875 0.852438128125
0 1 0.8577082562499999 0.9500847609375 0.7454484453125 0.897111059375 0.747993253125 0.9008923531249999 0.7596354390625 0.9040509234374999 0.804518471875 0.9079703968749999 0.82591809375 0.9107732421874999 0.833787775 0.9410566359375 0.8876346625 0.9646282203125001 0.9248319453124999 0.9860459296874999 0.95246789375 0.9810410078125 0.955397625 0.9468107375000001 0.9257512640625001 0.9291001984375 0.8985688312500001 0.9038320687500001 0.8544120187500001 0.8995451453125 0.86052879375 0.8869397359375 0.8731546171875 0.8662661234375 0.8802550484375 0.9206287984375001 1 0.9616162312500001 1 1 0.9829104453124999 1 0.8577082562499999
0 0.499214703125 0.7823273703125 0.5171972125 0.8328125 0.518477303125 0.8328125 0.53125 0.81039361875 0.53125 0.803516290625 0.5170417875 0.7707436624999999 0.499214703125 0.7823273703125
0 0.53431141875 0.809375 0.5469534859375 0.809375 0.5591400296875 0.8004744531249999 0.5658478875 0.7851054203125 0.5734375 0.7690943796874999 0.5734375 0.7652564390625 0.5461536734375 0.7659581328125 0.53431141875 0.809375
0 0.57269210625 0.7953125 0.573671203125 0.7953125 0.5888380890625 0.782678459375 0.595316090625 0.7818468734375 0.5984375 0.7579182578125 0.5984375 0.750371734375 0.5811286484375 0.7562323046875 0.57269210625 0.7953125
0 0.6075106156250001 0.745907209375 0.6175072562499999 0.778125 0.6183562359375 0.778125 0.621875 0.7768998609375 0.621875 0.766458428125 0.6154351828125 0.7406297296875 0.6075106156250001 0.745907209375
0 0.6406295828124999 0.7400846796875 0.6465241140625 0.7734375 0.6495428999999999 0.7734375 0.6712364703125 0.7572929765625 0.6856155203125 0.7498259234375 0.683310221875 0.7352708406249999 0.6859375 0.719446984375 0.6859375 0.7131152953125001 0.6809669828125 0.7122885937500001 0.6406295828124999 0.7400846796875
0 0.7504178734375 0.7133957390625 0.729152378125 0.712387096875 0.73059198125 0.7328125 0.739598221875 0.7328125 0.7415409796875 0.731884425 0.7454274390625 0.7230962734374999 0.7703125 0.715399353125 0.7703125 0.7151499375 0.7667387156250001 0.712915634375 0.7504178734375 0.7133957390625