0 0.6109375 1 0.6109375 0.9836829546875 0.6078001375000001 0.9046734750000001 0.594891003125 0.9052851515624999 0.5566377609375001 0.9003386687500001 0.5188059859374999 0.8893640046875 0.5144016921875 0.930701846875 0.507375240625 0.9445972625 0.49543001875000003 0.9422475984375 0.5041642453125 0.8822826125000001 0.47778804687500004 0.86983744375 0.47620732656250003 0.8924428109375 0.4660411578125 0.9295917640625 0.4560330640625 0.9644801546874999 0.4456933390625 0.9932878140625 0.43548066875 0.9986312734375 0.4358867125 0.9820013046874999 0.44528424375000003 0.9341978953125001 0.45312272968749995 0.887042596875 0.4610293859375 0.8497356437500001 0.46468058437500004 0.8083451390624999 0.4376720359375 0.8049421750000001 0.435865071875 0.8199597578125 0.434600496875 0.8380440046875 0.43580619687500005 0.8532722515625 0.4273633390625 0.8549534515625 0.42453041249999995 0.8305251109375 0.424273209375 0.801733596875 0.37848833125 0.796260421875 0.376191609375 0.80745776875 0.37359428281249996 0.8337780359375 0.37122320000000003 0.8676860859375 0.377769190625 0.8931313140625001 0.36196825625 0.902627171875 0.35911990625 0.867596984375 0.3593368609375 0.83202384375 0.36234023125000003 0.7890736359375 0.3454699984375 0.803037890625 0.32805737968750004 0.81393545 0.3077374171875 0.823115278125 0.3017554484375 0.9627784078125 0.2962725671875 0.9654238062499999 0.2863233515625 0.96699964375 0.28917178906249996 0.81803105625 0.276420721875 0.8163822890624999 0.2541946640625 0.8095276484375 0.247704409375 0.859048809375 0.243991284375 0.858031953125 0.2354430484375 0.86122018125 0.2380621 0.812942746875 0.19441581562500002 0.79853275 0.1868097640625 0.8207167906249999 0.17911386875 0.8550097359375 0.16491843281250002 0.8956628890625 0.153546565625 0.9175835937500001 0.14783744062499998 0.912641146875 0.15607572187500002 0.8814149812500001 0.16592574531249998 0.8487870921875 0.17833594218749999 0.801194321875 0.183809534375 0.75538805 0.1856227453125 0.7078114515625 0.1419021015625 0.7161121578125 0.1435819578125 0.7245587796875 0.1377766828125 0.764284284375 0.13034424218750001 0.7948096734375001 0.12375485312500001 0.8132788203124999 0.12580355000000001 0.8164508203124999 0.123069878125 0.8230744140624999 0.12324343281250001 0.8314157328125 0.12147361718750001 0.835077959375 0.1178968984375 0.853757740625 0.109996425 0.8585056968749999 0.10106381718749999 0.856366640625 0.10259184218749999 0.8345148578125 0.096935409375 0.828818884375 0.10122813281250001 0.821547090625 0.097673078125 0.8182697265625001 0.10044395625 0.8002908078125 0.08976331562499999 0.7798567828125 0.0939196671875 0.7528883234375 0.092630315625 0.717209909375 0.06329414375 0.7038005734375 0.055282078125 0.742614553125 0.044415446875 0.7789573359374999 0.0389635265625 0.8028064031250001 0.0239002609375 0.8017530765625 0.02775595 0.7899075296875 0.0412509265625 0.7484481796875 0.0507166359375 0.710493034375 0.0527033703125 0.671257753125 0.0391464375 0.670309759375 0.0378880765625 0.655835015625 0.01175360625 0.6615794828125 0.00022103906250000002 0.8265984874999999 0.00022103906250000002 0.9771356687500001 0.31762072343750003 1 0.6109375 1
0 0.4171248125 0.7290833765625 0.3724199984375 0.72920335625 0.37724689218749996 0.784375 0.4203125 0.784375 0.4203125 0.7722218468750001 0.4171248125 0.7290833765625
0 0.43251415 0.7261629390625 0.4341910984375 0.7443406390625 0.42853694375 0.7718042921875 0.43250676875 0.7890342796875001 0.45036566875000006 0.790625 0.4551445828125 0.790625 0.4578125 0.77326079375 0.4578125 0.7496096953125 0.45249254843750003 0.7191908609375 0.43251415 0.7261629390625
0 0.37034195468750003 0.70878521875 0.38042216562500003 0.7203125 0.3810164859375 0.7203125 0.421875 0.710134225 0.421875 0.7063239578125 0.420254878125 0.6971327015625 0.37034195468750003 0.70878521875
0 0.33499129375000003 0.7046293593749999 0.35680545937499997 0.7125 0.3581366140625 0.7125 0.359375 0.7046811421875 0.359375 0.69974351875 0.3498331296875 0.69253138125 0.33499129375000003 0.7046293593749999
0 0.1343854625 0.7125283312499999 0.13571104375 0.7203125 0.142366521875 0.7203125 0.1699400984375 0.7026556609375 0.1734375 0.6965642125 0.1734375 0.69529914375 0.1525455921875 0.698235309375 0.1343854625 0.7125283312499999
0 0.086046525 0.7063882546875 0.0781903421875 0.7057414328125 0.0682185484375 0.7131827734375 0.083167921875 0.715625 0.0875 0.715625 0.0875 0.7114292734375 0.086046525 0.7063882546875
0 0.05639671875 0.7078125 0.059591323437499996 0.7078125 0.06875 0.7012140109375 0.06875 0.6983599468749999 0.056143396874999994 0.6946926390625 0.05639671875 0.7078125
0 0.5094857265625 0.717565253125 0.49097639062500004 0.717638396875 0.4696491515625 0.7112789171875 0.47282789062499997 0.7230404390625 0.49702460937500004 0.7279362171875 0.5223716328125 0.7296875 0.52696275625 0.7296875 0.54375 0.7287342734375 0.54375 0.7274317906250001 0.5378629890625 0.7130779390625 0.5094857265625 0.717565253125
0 0.474912771875 0.7395778625 0.474912771875 0.7413701015624999 0.4807490296875 0.749332684375 0.49445915312500005 0.7515625 0.49767410781250004 0.7515625 0.5140625 0.73945484375 0.5140625 0.7386568296875 0.4934322953125 0.7412422328125 0.474912771875 0.7395778625
0 0.6477857375 0.753125 0.6765625 0.753125 0.6765625 0.7491205765625 0.6759132937500001 0.73747935 0.6396500374999999 0.7328125 0.634663865625 0.7328125 0.6345880937499999 0.7526641281249999 0.6477857375 0.753125
0 0.8458652656250001 1 0.9859375 0.9929310062500001 0.9859375 0.9875888640625 0.9724704453124999 0.94089849375 0.966287040625 0.939059265625 0.9490201171875 0.8653041953124999 0.9375119046875 0.8630801281249999 0.9071063796875001 0.8720210734375 0.85714964375 0.86112766875 0.8089626671874999 0.8538965171875 0.806610259375 0.9176654703124999 0.8058106640625 0.94952368125 0.7973739375 0.98040150625 0.8031433296875001 1 0.8458652656250001 1
0 0.9881649375 0.75629443125 0.97018479375 0.7756269203125 0.97267653125 0.7867824859375 0.9784401828125 0.800684728125 0.969320809375 0.8090649484375 0.9763830531250001 0.8637984453125 0.9893026781250001 0.9248436171875 0.9984375 0.9526352687499999 0.9984375 0.8658491203124999 0.9887570625000001 0.75629443125 0.9881649375 0.75629443125
0 0.8428202640625001 0.8253654375 0.8677197015625 0.8455465015625 0.8966820796875 0.865882984375 0.9330914968749999 0.8859375 0.936148765625 0.8859375 0.940625 0.8639895093750001 0.940625 0.8565891484374999 0.9346418546875 0.85301761875 0.9097362578125001 0.8402752515625 0.8954087218750001 0.8297620406249999 0.8718826421875001 0.8176339421875 0.858777728125 0.811799259375 0.8446821312499999 0.7989087500000001 0.824138059375 0.7875 0.8221262250000001 0.7875 0.8216767562499999 0.806029640625 0.8428202640625001 0.8253654375