0 0.5143326874999999 0.930086971875 0.5022526593750001 0.9285762890625 0.5067826640625 0.8681481078125 0.4796025859375 0.8575731640625 0.4796025859375 0.88023373125 0.47205256249999994 0.9180013468749999 0.46450253906250005 0.9535028796875 0.45619752187499996 0.9829616296875001 0.44638246875 0.989004471875 0.4456274765625 0.9723866875 0.45166751875 0.9240441875000001 0.45619752187499996 0.8764569718749999 0.4614825171875 0.83868935625 0.462237565625 0.79714498125 0.4350574296875 0.7956343296874999 0.43430244062499995 0.8107413749999999 0.43430244062499995 0.828869784375 0.436567471875 0.8439768296875 0.42826245468749996 0.8462428796875001 0.42373239375000005 0.8220716593749999 0.4214674234375 0.793368221875 0.3754122859375 0.79110216875 0.3739022453125 0.8024324515625001 0.3731472546875 0.828869784375 0.3731472546875 0.862860634375 0.38145226875 0.8877872546875001 0.366352221875 0.8983621968750001 0.361067228125 0.8636160343749999 0.35880219687500003 0.8281144140625001 0.35880219687500003 0.7850593265625 0.34294715625 0.8001663718750001 0.326337128125 0.8122520265625001 0.30670701718750004 0.8228269421875 0.310482028125 0.9625671421875 0.30519703593749997 0.9655885625 0.29538198125 0.9678545843749999 0.28783195625 0.8190501796874999 0.2749969375 0.8182948968750001 0.25234686562499997 0.8130073671875 0.24932684374999997 0.862860634375 0.24555183125000002 0.8621052671875 0.23724681718750001 0.8658820265625 0.23649182500000002 0.817539496875 0.19194667031249998 0.8062092140624999 0.185906628125 0.828869784375 0.180621634375 0.8636160343749999 0.1692965984375 0.9051603796875 0.15948154375 0.9278209500000001 0.1534415578125 0.9232887890624999 0.15948154375 0.8915640171874999 0.1670315671875 0.8583285046875 0.1760916296875 0.8099859765625 0.17835660312499999 0.76390946875 0.176846621875 0.71632228125 0.1338115078125 0.7276525656249999 0.136076478125 0.7359614296875 0.13305645625 0.7759951218750001 0.1277714640625 0.8069646125000001 0.12248646875 0.8258484203125 0.1247514421875 0.828869784375 0.12248646875 0.8356679343750001 0.12324146093749999 0.8439768296875 0.12173142031249999 0.8477535890624999 0.11946645 0.8666373671875001 0.1119164234375 0.8719248671875001 0.10285636093749999 0.8704141296874999 0.10285636093749999 0.8485089875 0.096816375 0.843221459375 0.1005913875 0.8356679343750001 0.096816375 0.8326465437499999 0.0983263578125 0.814518134375 0.0862463296875 0.7948789296875 0.08851133125 0.76768623125 0.0847363203125 0.73218466875 0.054536221875 0.720854384375 0.0492512 0.760132709375 0.040946182812499995 0.79714498125 0.0371711703125 0.8213162593750001 0.022071121875 0.8213162593750001 0.025091115625 0.8092306062500001 0.035661160937500005 0.7669308890625001 0.0424561953125 0.72840790625 0.041701175 0.6891296109375 0.0281111375 0.6891296109375 0.025846134375000003 0.67477790625 0.000176040625 0.6823314296875 0.0001887640625 0.997901378125 0.6244763718749999 0.9992117687500001 0.6117280125 0.8832551515624999 0.5988929921875 0.884765834375 0.5603878828125 0.8824998125000001 0.5218827109374999 0.8741908921875 0.520372728125 0.9157352671875 0.5143326874999999 0.930086971875
0 0.4192023921875 0.7306739859375 0.3746572359375 0.7268972265625 0.3746572359375 0.783548646875 0.4184474015625 0.7865700390625 0.4192023921875 0.7306739859375
0 0.4373224609375 0.7903468 0.459972534375 0.789591459375 0.4607275265625 0.7646648390624999 0.45921754375 0.7533345546875 0.44864749687499994 0.71858833125 0.429667696875 0.7279431921875 0.43354745 0.7457810312500001 0.43128241875000006 0.77372904375 0.4373224609375 0.7903468
0 0.3720892015625 0.6996258984375 0.3776772578125 0.7140562312500001 0.42071242968749994 0.71858833125 0.422977403125 0.7057473390625 0.3720892015625 0.6996258984375
0 0.3489872 0.692906371875 0.33622063281250003 0.707177178125 0.3603122359375 0.7117901796874999 0.3603122359375 0.698949184375 0.3489872 0.692906371875
0 0.1541965484375 0.6974384765625 0.134223946875 0.709064996875 0.134566496875 0.720854384375 0.1708065796875 0.70423665625 0.1760916296875 0.6974384765625 0.1541965484375 0.6974384765625
0 0.0794512953125 0.7057473390625 0.0681502671875 0.7109528171874999 0.087756340625 0.71858833125 0.08700132031249999 0.70801341875 0.0794512953125 0.7057473390625
0 0.0560462328125 0.71027946875 0.07190127187499999 0.700459896875 0.0568233484375 0.6949063515625 0.0560462328125 0.71027946875
0 0.5415128203124999 0.7359614296875 0.5384927984375001 0.7193437015625 0.5098026828125 0.7178329921875 0.4916826125 0.7140562312500001 0.47214363437499995 0.7034015390625 0.472807553125 0.715566940625 0.49545762499999996 0.7253865140625 0.5218827109374999 0.7329400390624999 0.5415128203124999 0.7359614296875
0 0.494702634375 0.740493559375 0.47591927343749996 0.7336066484375 0.4803575765625 0.7450256640624999 0.49545762499999996 0.75182384375 0.516597715625 0.7435149515624999 0.494702634375 0.740493559375
0 0.6344961109375 0.7336066484375 0.635133134375 0.7540898968749999 0.6774132015625 0.7540898968749999 0.67590321875 0.7374721390625 0.6344961109375 0.7336066484375
0 0.9643141249999999 0.944438675 0.95223415625 0.8696587890625 0.9409091203125 0.8666373671875001 0.9099539734375 0.87343555 0.860878815625 0.8590838749999999 0.8133136390625 0.8485089875 0.8065186640625001 0.9119585046875001 0.8034986999999999 0.943683334375 0.7929285968750001 0.973897425 0.7977924953125 0.9960135578125 0.9816792046874999 0.999579415625 0.9703541687499999 0.9467047546874999 0.9643141249999999 0.944438675
0 0.9748842281250001 0.807719896875 0.9771492593750001 0.862860634375 0.984699284375 0.9247995281250001 0.9990442843749999 0.98598305 0.99884526875 0.7562604828125 0.978659240625 0.7744844140625 0.9801692234375 0.7858146968749999 0.984699284375 0.8001663718750001 0.9748842281250001 0.807719896875
0 0.8903239781250001 0.823582309375 0.8638988937500001 0.8220716593749999 0.849553778125 0.8220716593749999 0.8314337671875001 0.8160287890625 0.805763615625 0.8137627374999999 0.8133136390625 0.831891175 0.8404937718750001 0.840955465625 0.87144891875 0.849264271875 0.9061789609374999 0.8560625125 0.9507241734375 0.8598392718750001 0.9440985046874999 0.8298854421874999 0.935624125 0.828869784375 0.9076889421875001 0.827359071875 0.8903239781250001 0.823582309375