0 0.3336189796875 1 0.6578125 0.9016277109375 0.6578125 0.9006642875 0.6120853046875 0.7943538796875 0.6002527953125 0.79955115 0.5627676546875 0.808641946875 0.5235156828124999 0.8119539093749999 0.534218078125 0.8521244687499999 0.5326379921875 0.8676150093749999 0.520644121875 0.8697021953125 0.507308696875 0.8105899921875 0.47822444375 0.808423809375 0.48484975312499995 0.8300942171875001 0.48867181249999997 0.8684189812499999 0.4918313328125 0.904576678125 0.492502109375 0.9351763734375 0.48488268437500004 0.943824815625 0.4793021109375 0.9281538875 0.470944253125 0.8801577875 0.4613631609375 0.8333254625000001 0.45537504531249995 0.7956629296875 0.4439507015625 0.755713090625 0.41751653749999995 0.7622151500000001 0.421211409375 0.7768828265625001 0.42651164374999995 0.7942191109375 0.43309457656249994 0.8080038187499999 0.425814978125 0.8125990062499999 0.41441587812499997 0.7908084140625 0.403857803125 0.76402139375 0.3591525265625 0.7753195749999999 0.361021121875 0.7865962718749999 0.3680286484375 0.8120991578125001 0.3779666109375 0.84460476875 0.393196575 0.8660140625 0.3818481421875 0.8805417578125001 0.3666352828125 0.84885901875 0.354089553125 0.81557088125 0.3415014640625 0.774397096875 0.3307560859375 0.7934796015625001 0.318405340625 0.8098934734375 0.302724778125 0.8257456046874999 0.34719091875 0.9582761156249999 0.343020234375 0.9627106968750001 0.3342965703125 0.9677473484375 0.2835702484375 0.8276524015625 0.2710752359375 0.8306827171875 0.247868940625 0.8322484671874999 0.2595565640625 0.8808063531249999 0.255725653125 0.8811876984375001 0.248887746875 0.8872275828125 0.23403175625 0.8412181296875 0.188120359375 0.8434066703124999 0.188969546875 0.86684301875 0.19407430312500001 0.9016162046874999 0.1953905078125 0.9446563796874999 0.192629634375 0.9691964359374999 0.1855284921875 0.9666282296875 0.1820291328125 0.9345237578125 0.1795321328125 0.9005330671875 0.1740623265625 0.8516539703125 0.1627568640625 0.8069285734375 0.14739971406250002 0.7618621953125 0.10955768437499999 0.78527965 0.1141529640625 0.7925632421875 0.122969621875 0.831730621875 0.1269701609375 0.8628920750000001 0.1274371859375 0.8824959343750001 0.1304865515625 0.8847230640625 0.130308134375 0.89188638125 0.13345942187499998 0.8996114796875 0.13311958125 0.9036647062500001 0.1364746609375 0.9223855656250001 0.13080045 0.929649440625 0.12169457343750001 0.930853621875 0.1152901296875 0.9099056296875 0.1079681375 0.9066150625 0.10936976406250001 0.898287884375 0.10487633125 0.8965022203125 0.1010201015625 0.878724459375 0.083725965625 0.863475253125 0.077941621875 0.836808525 0.0639519078125 0.8039619171875 0.03175875625 0.8019563671875 0.038188535937500004 0.8410636078125 0.0410677484375 0.8788867703125 0.044524684375 0.9031055859375 0.030084435937499997 0.9075204125 0.029438967187499998 0.8950798843750001 0.027179912499999997 0.85153808125 0.02241500625 0.8127116937500001 0.0102091140625 0.7753704203125 0 0.778491659375 0 0.88399163125 0.035472432812499996 1 0.3336189796875 1
0 0.3671875 0.7356506781250001 0.3671875 0.73595244375 0.3834248734375 0.7890625 0.3870408234375 0.7890625 0.425 0.7802619296875 0.425 0.7750374843750001 0.410803903125 0.7262573109375 0.3671875 0.7356506781250001
0 0.436159203125 0.7427871921875 0.42582193593750006 0.7688517781249999 0.4267394953125 0.7865093546875 0.447798259375 0.7921875 0.4486959203125 0.7921875 0.45663054843750006 0.7687925515625 0.4578125 0.7616598734375 0.4578125 0.7213174328124999 0.43766425625 0.7245944515625 0.436159203125 0.7427871921875
0 0.3704717375 0.7066383187499999 0.37932595468749997 0.71875 0.3820107828125 0.71875 0.421875 0.71244450625 0.421875 0.7069827906249999 0.42121031249999996 0.699380340625 0.3704717375 0.7066383187499999
0 0.33499129375000003 0.7046293593749999 0.35680545937499997 0.7125 0.3581366140625 0.7125 0.359375 0.7046811421875 0.359375 0.69974351875 0.3498331296875 0.69253138125 0.33499129375000003 0.7046293593749999
0 0.135108659375 0.7147420140625 0.137711528125 0.7234375 0.14163422812499998 0.7234375 0.169195103125 0.7006099140625001 0.171875 0.6942540312500001 0.171875 0.69285384375 0.151391546875 0.6983423703125 0.135108659375 0.7147420140625
0 0.079563771875 0.7051043124999999 0.067852059375 0.7093050328125 0.083816275 0.7171875 0.084375 0.7171875 0.084375 0.7070195859374999 0.079563771875 0.7051043124999999
0 0.0563712671875 0.7078125 0.059357428125 0.7078125 0.0703125 0.7002066453125 0.0703125 0.69881883125 0.056346585937500006 0.694490340625 0.0563712671875 0.7078125
0 0.53745785625 0.7145836078125 0.508941275 0.7180778359375 0.4904406625 0.7175049687499999 0.46934835625 0.710405053125 0.4721146890625 0.722270346875 0.49612580624999997 0.7280075953125 0.5122377499999999 0.7296875 0.540625 0.7296875 0.540625 0.7231454046875 0.53745785625 0.7145836078125
0 0.475 0.7350298875 0.475 0.735791984375 0.479983196875 0.745901384375 0.4917279234375 0.75 0.4983464390625 0.75 0.515625 0.741401490625 0.515625 0.741221478125 0.49387866875 0.7401362703125 0.475 0.7350298875
0 0.6338312953125 0.7345141374999999 0.6358737828125001 0.7546875 0.6389781578125 0.7546875 0.6765625 0.7520593453125 0.6765625 0.7426213015625 0.67540718125 0.7354817984375 0.6338312953125 0.7345141374999999
0 0.9672496359375 0.9204881203124999 0.93383398125 0.8525076 0.9221204171874999 0.8529293203125 0.8945054593749999 0.8684808640625 0.8433786296875001 0.8691044765625 0.7948000265624999 0.8728983734375 0.8068528031250001 0.9355621062499999 0.813240240625 0.9667836640624999 0.8119789125000001 0.9984375 0.893548846875 0.9984375 0.996875 0.9690255546875 0.996875 0.9625658109374999 0.9736882953125001 0.9208892453124999 0.9672496359375 0.9204881203124999
0 0.949064028125 0.7626399625 0.9387152359375 0.78711003125 0.9448721296875 0.7967406078125 0.9550430390625 0.8078331546875 0.949339834375 0.8188269968749999 0.9746961328125 0.8678442343749999 0.9984375 0.9059125859374999 0.9984375 0.86718276875 0.94957808125 0.7626399625 0.949064028125 0.7626399625
0 0.841755659375 0.8259972296875 0.8670035125 0.845740665625 0.8963164015625 0.8655685875 0.9319162890625 0.884375 0.9362304453125001 0.884375 0.940625 0.860726840625 0.940625 0.855815834375 0.9340458625 0.8520426921875 0.9089216734375001 0.839736928125 0.8944128390625 0.8294753671875 0.8706786781250001 0.8177597046875 0.8574739296875 0.8121546203125 0.843155509375 0.7995120765625 0.8206065812500001 0.7875 0.8204107203125 0.7875 0.820277915625 0.8070333828124999 0.841755659375 0.8259972296875