0 0 0.9580756593749999 0.1407584640625 0.9984375 0.2681411375 0.9984375 0.2856505125 0.933404490625 0.2765314640625 0.9307896437500001 0.259366340625 0.9258676234375001 0.2926176125 0.8463477078125001 0.2884889671875 0.8364520609375001 0.2953125 0.8163981671875 0.2953125 0.8147021999999999 0.2252803625 0.8078731390625 0.251053871875 0.72001485625 0.2388789875 0.7078119921875 0.229958059375 0.7348740265625 0.22098860468749998 0.7357867312499999 0.22921927812499998 0.7091075921875001 0.229610528125 0.70166958125 0.2405275578125 0.67169524375 0.2343984109375 0.6687761875 0.2440800625 0.64715938125 0.2341959765625 0.6431635921875001 0.22422849375 0.6455325359375 0.221221203125 0.66209375625 0.21324975156249998 0.6615503328125001 0.217708021875 0.6500514453124999 0.20054289375 0.645129425 0.1943962859375 0.658467315625 0.188421028125 0.6550115859375001 0.18890014375 0.63714464375 0.18292919218749998 0.6296246531249999 0.151246509375 0.72391955 0.1392167859375 0.7193084625 0.1425979 0.7115662078125 0.1097933296875 0.7085482984375 0.0671003625 0.7055988796875 0.06302462812500001 0.7177881859374999 0.0445492828125 0.7194599125 0.0785048859375 0.5787731953125 0.06003389375 0.576380646875 0 0.7846536015625001 0 0.9580756593749999
0 0.3007021484375 0.831111721875 0.3098386125 0.890625 0.31328018750000003 0.890625 0.321875 0.885662684375 0.321875 0.8816361828125 0.30476411406250004 0.8310374265625 0.3007021484375 0.831111721875
0 0.335784275 0.8736994265625 0.33357886406250004 0.8633237781249999 0.32135369687500004 0.8299645171875 0.3169054859375 0.8331930578125 0.343002125 0.9625 0.353125 0.9625 0.353125 0.9506296609374999 0.335784275 0.8736994265625
0 0.3028107875 0.8857117046875 0.299271428125 0.9046875 0.3126337078125 0.9046875 0.3140625 0.8975771890625 0.3140625 0.8862406281249999 0.303025371875 0.8857117046875 0.3028107875 0.8857117046875
0 0.3885750921875 1 0.4203125 0.998401403125 0.4203125 0.9798697687500001 0.4197525921875 0.9643154578124999 0.3924445921875 0.976368615625 0.37314912499999997 0.9600492296875001 0.36869525468750003 0.9390386359375 0.38588485 0.92583865 0.38638581250000004 0.914072259375 0.3547450015625 0.8861006859374999 0.35838982656249996 1 0.3885750921875 1
0 0.47569353281250004 1 0.51875 0.9881126359374999 0.51875 0.980011996875 0.5174285953125 0.9745572843750001 0.505099865625 0.986223490625 0.466975403125 0.9605660796875 0.452945203125 0.9582005062500001 0.43019607656250003 0.97401630625 0.43735524843749995 1 0.47569353281250004 1
0 0.5560852546875 1 0.5984375 0.9879200453125 0.5984375 0.9856549625 0.5697896203124999 0.897431446875 0.5528879671875 0.9014798374999999 0.5127655437499999 0.9306468765625 0.5216364687499999 0.9529819390625001 0.5408428703125 0.9676250671875 0.5418576015625 0.9808561062500001 0.5378360078125 0.984602684375 0.5455772453125001 1 0.5560852546875 1
0 0.893977665625 0.8875766734375 0.8784616578125 0.915561034375 0.86820235 0.9154517203125 0.89785533125 0.8413091484375 0.8597598312500001 0.799665559375 0.850534578125 0.8242551812500001 0.841703571875 0.8350626296874999 0.8337030015625 0.8310600984375001 0.8492683515625 0.7958186796875 0.8298616937500001 0.7772705703125 0.8205730687499999 0.8048657609375001 0.8172236249999999 0.8113285250000001 0.80680948125 0.8087274796875 0.8115946015625 0.793170128125 0.802967684375 0.7992122375 0.7946290312500001 0.8259976953124999 0.786290375 0.852783153125 0.7824058984375 0.8747877828125 0.774517559375 0.904796890625 0.7662988546875 0.9013082562499999 0.7696836765625 0.883337015625 0.77686151875 0.83786381875 0.78408139375 0.8051449796875 0.7788039999999999 0.80472435625 0.76560345625 0.8015470671875 0.750721103125 0.799475365625 0.7063259921875 0.9140607890625001 0.695848540625 0.9144653953124999 0.73350258125 0.8000510562500001 0.7213641296875 0.83007559375 0.7112315437500001 0.8239550687499999 0.7245100359375 0.7841039453125 0.7108944765625 0.76619448125 0.7077491046875 0.7678918484375 0.70070529375 0.787342415625 0.6939148796875 0.7947705640625 0.686329328125 0.8055001875000001 0.6938302296875001 0.8135361515625 0.68917191875 0.8230823015625001 0.6786170484375 0.822241040625 0.669778778125 0.8530599078125001 0.6752249625 0.8602236937500001 0.6696940890625 0.8718254765625 0.6641985218750001 0.8719187312500001 0.6538893390625 0.9233407609375 0.642602665625 0.9227953828125001 0.649189478125 0.8758582796875001 0.6409074296874999 0.8753752609375001 0.6167443125000001 0.8366131140625 0.6024670671875 0.8402567984375 0.5644307203125 0.930732728125 0.723747178125 0.9984375 0.8638849625 0.9984375 0.914299478125 0.8725492812500001 0.9110767234375 0.873000796875 0.915625 0.8541166953125 0.915625 0.8530502625 0.9101200109375001 0.849547696875 0.893977665625 0.8875766734375
0 0.971748496875 0.8674914625 0.951831928125 0.9952413109375 0.951831928125 0.9984375 0.958499984375 0.9984375 0.9771558453125 0.8745497953125 0.978125 0.87292350625 0.978125 0.8645844171875 0.9780827234375 0.864577721875 0.971748496875 0.8674914625
0 0.9601922249999999 0.996875 0.9614837421875 0.996875 0.9984375 0.88870583125 0.9984375 0.8671875 0.997959275 0.8671875 0.9538196890625 0.9943915234375 0.9601922249999999 0.996875
0 0.9473329765624999 0.8676674578125001 0.9801425453125001 0.99807374375 0.9859375 0.997368346875 0.9859375 0.992442790625 0.9512155453125001 0.8647374578125 0.9473329765624999 0.8676674578125001
0 0.9678035953125 0.8403985687500001 0.9773552875 0.8725401093749999 0.9984375 0.9467520984375 0.9984375 0.9139339625 0.9764769937500001 0.8379115140625 0.9678035953125 0.8403985687500001
0 0.9554039015625 0.8327433 0.9680047484375001 0.8671875 0.9699079953125 0.8671875 0.9734375 0.8610127375 0.9734375 0.8597581 0.95876314375 0.830026265625 0.9554039015625 0.8327433
0 0.9777811296875001 0.8671875 0.97905915 0.8671875 0.9859375 0.838148465625 0.9859375 0.8335364859375 0.9834457437499999 0.8328125 0.980990359375 0.8328125 0.9707683078124999 0.8657480718749999 0.9777811296875001 0.8671875