0 0.34581941875 1 0.3402391421875 0.963984678125 0.3173600546875 0.96621783125 0.3162440171875 0.8975485984375 0.30675747656249996 0.8975485984375 0.28890060625 0.8975485984375 0.298945121875 0.8119438562499999 0.2922488046875 0.8035695593750001 0.29336484375 0.7806798296874999 0.223611375 0.7935203890625 0.22416943749999999 0.7019614453125 0.20910262031250001 0.6935871515625001 0.20798658125 0.7220597890625 0.199616165625 0.7254094546875 0.200174228125 0.6974951375 0.198500128125 0.6902374203125 0.20073220468750003 0.658415096875 0.1940358875 0.657298540625 0.1973840890625 0.633850509375 0.186781509375 0.6327339328125 0.17785311718750002 0.63775851875 0.17952721562500001 0.6545071078125 0.171714778125 0.6561819640625 0.17283081718749999 0.6438996593749999 0.1549739453125 0.6438996593749999 0.1527418671875 0.658415096875 0.146045553125 0.656740240625 0.1415813125 0.6394333718749999 0.133768875 0.633850509375 0.129304721875 0.7332255140624999 0.116470021875 0.73210889375 0.117586103125 0.7237345984375 0.08522047656250001 0.7298757625000001 0.04336839375 0.738808378125 0.042810375 0.7516489156249999 0.0255115234375 0.758348378125 0.019373228125 0.613752190625 0.0009582953125 0.616543621875 0.0004370234375 0.9925699328125 0 1 0.34581941875 1
0 0.31016339843749996 0.8302665390625 0.3012349609375 0.891678034375 0.315743675 0.888328303125 0.31406959687499997 0.8313830937500001 0.31016339843749996 0.8302665390625
0 0.34085492500000003 0.8632054203124999 0.3358326875 0.8280333843750001 0.33081042968749996 0.8302665390625 0.3294305546875 0.9642925265625 0.3419709828125 0.9648135546875001 0.34085492500000003 0.8738128671875 0.34085492500000003 0.8632054203124999
0 0.30222218437500004 0.8861556703125 0.299560884375 0.9061935140624999 0.3129535359375 0.9050768937500001 0.315743675 0.8860951703125 0.30222218437500004 0.8861556703125
0 0.3905194234375 0.9765375593750001 0.372104490625 0.9592306921875 0.368756334375 0.9380157953125 0.3866132046875 0.9257335343750001 0.3877292859375 0.9140094875000001 0.3575957578125 0.8844202953125 0.355243621875 0.9998727015625001 0.41786275 1 0.41842081249999996 0.9659301109375 0.3905194234375 0.9765375593750001
0 0.5010088921875 0.9944027046875 0.471433446875 0.9592306921875 0.45859879374999996 0.953089509375 0.43237150468749996 0.9620221250000001 0.431985178125 0.9991750500000001 0.51551760625 1 0.51607566875 0.9865866875 0.5010088921875 0.9944027046875
0 0.569646321875 0.90340208125 0.5222139640625 0.9179174765625 0.523330003125 0.941923784375 0.5367226781250001 0.9620221250000001 0.53337451875 0.9748626843749999 0.5283522625 0.9770958390625 0.53105155 0.9970820984375001 0.585271075 1 0.586945175 0.9050768937500001 0.569646321875 0.90340208125
0 0.8966506171875 0.8112847953125 0.8933024187499999 0.791186496875 0.8866061015625 0.7900699203125 0.8866061015625 0.8313830937500001 0.8832579015625001 0.8632054203124999 0.873771446875 0.8671134281249999 0.872097346875 0.7872784875 0.8207588093749999 0.763830459375 0.8218748484375 0.7900699203125 0.8179686703125 0.803468778125 0.8090401953124999 0.8029105 0.8095982546875 0.7643887359375 0.7844870078125 0.754897896875 0.786719084375 0.7839287578125 0.7861611078124999 0.791186496875 0.775558528125 0.7928613515625 0.7738845140625 0.7766710390625 0.7683042359375001 0.7856036343749999 0.771094375 0.8135179499999999 0.7738845140625 0.8414322671875001 0.7789067281250001 0.8632054203124999 0.78337096875 0.8939111687500001 0.774442490625 0.8939111687500001 0.7705363125 0.876046 0.7593757578125 0.8313830937500001 0.75323741875 0.7984442140625 0.7482152015625 0.8001190703125 0.734822571875 0.8023522234374999 0.720313815625 0.8062602109375 0.7242199921875 0.9290832015625 0.7147335390625 0.9335495093749999 0.7046890218749999 0.8135179499999999 0.705247040625 0.8458985531250001 0.693528465625 0.8442236968750001 0.6901803078125 0.8023522234374999 0.6706493359375 0.791186496875 0.6684172187499999 0.793977928125 0.6695332984375 0.8146345046875 0.6661850984375 0.824125378125 0.6633949593749999 0.8369659593750001 0.6734394765625 0.8414322671875001 0.6728814562500001 0.8520396921875 0.662836940625 0.8553894234375001 0.6667431609375 0.887211728125 0.6745555140625 0.891678034375 0.6739974953125001 0.904518615625 0.6689752375 0.9067517468749999 0.679577771875 0.9581140937500001 0.6689752375 0.9620221250000001 0.65669864375 0.9162426203124999 0.648886246875 0.919034053125 0.6114984031249999 0.8927945906250001 0.5997798296875 0.9017271843750001 0.6001189499999999 0.9998727015625001 0.9033469343749999 1 0.8994407578124999 0.8096099421874999 0.8966506171875 0.8112847953125
0 0.9693632359375 1 0.968396509375 0.873065003125 0.9696854781249999 0.8698410390625 0.968396509375 0.86307070625 0.967752 0.86307070625 0.9619515671875 0.866939465625 0.962273809375 1 0.9693632359375 1
0 0.98386435625 0.8662946703125 0.9764526874999999 0.8643602953125 0.9761304203125001 0.9994444109374999 0.9841865984375 0.9997668031250001 0.98386435625 0.8662946703125
0 0.9674297578125 0.862748315625 0.9629536875 0.8646520046875 0.9632405359374999 0.99912201875 0.9703299875000001 1 0.9674297578125 0.862748315625
0 0.9999767109375 1 0.999654471875 0.8356670093749999 0.990631540625 0.8356670093749999 0.9909538078125 0.8691962421874999 0.990631540625 1 0.9999767109375 1
0 0.9671075171875 0.8292190796875 0.9629536875 0.8304075624999999 0.960984815625 0.8691962421874999 0.9690409921875001 0.86307070625 0.9671075171875 0.8292190796875
0 0.9822531203124999 0.83244304375 0.9762485859375 0.8324219421875 0.9754859343750001 0.8675842625 0.98386435625 0.866939465625 0.9822531203124999 0.83244304375