0 0 0.8291672968749999 0.051494615625 0.9984375 0.20579267343750002 0.9984375 0.39375 0.940973178125 0.39375 0.938183975 0.3790587671875 0.9078038140625001 0.35783229843750003 0.9166285859375 0.3366880859375 0.8512861703124999 0.3276160609375 0.8540597671875 0.3105394515625 0.8592806109375 0.295116665625 0.77447965625 0.2862645375 0.7684290890625001 0.2806395015625 0.746213234375 0.21768814375 0.7788866624999999 0.191452578125 0.691165246875 0.17459570156249998 0.68756198125 0.18185302187500002 0.7151167984375 0.1748277015625 0.720767371875 0.1672000234375 0.6939096171875 0.16347712187500002 0.6874584859375 0.1563077203125 0.6563740515625 0.14957755156250002 0.657264096875 0.14592391093749998 0.6338617140625 0.13545815781249998 0.6358938203125 0.128388940625 0.643309265625 0.134886703125 0.6588365609375 0.12790531249999998 0.6627223703125 0.1253815875 0.6506504453125 0.1083049765625 0.6558712890625 0.11041433281249999 0.6704050687499999 0.10352093437500001 0.6707612078125 0.094191721875 0.655515784375 0.08508837968750001 0.6524610015625 0.109873728125 0.748798984375 0.097273375 0.7514836578125 0.09589228125 0.74314896875 0.06673638125 0.7584845859375 0.0293246796875 0.7792632546875 0.032545254687500004 0.7917058703125 0.0179610140625 0.8031702921875 0 0.7522546640625001 0 0.8291672968749999
0 0.3007021484375 0.831111721875 0.3098386125 0.890625 0.31328018750000003 0.890625 0.321875 0.885662684375 0.321875 0.8816361828125 0.30476411406250004 0.8310374265625 0.3007021484375 0.831111721875
0 0.336188371875 0.8306438765624999 0.32329544375 0.9623758812500001 0.32329544375 0.964060678125 0.32330951093750004 0.9640625 0.335699321875 0.9640625 0.3421875 0.87771896875 0.3421875 0.8435284046874999 0.34138615 0.8288569390625 0.336188371875 0.8306438765624999
0 0.3012685109375 0.90625 0.30757469843749996 0.90625 0.3140625 0.90478005 0.3140625 0.8855859640625001 0.301126 0.88746313125 0.3012685109375 0.90625
0 0.394347478125 0.9755210968749999 0.37396063125 0.9605874484375001 0.3680519859375 0.939938721875 0.38427892343750003 0.92557180625 0.3839578828125 0.9137991328125 0.35044295000000003 0.888102846875 0.3617142765625 0.9984375 0.3998174859375 0.9984375 0.4234375 0.99558605625 0.4234375 0.9869177671875 0.420748171875 0.961592390625 0.394347478125 0.9755210968749999
0 0.4784325328125 1 0.51875 0.9816821796875 0.51875 0.9730282906250001 0.5166186140625 0.9679123890625 0.5062666703125001 0.9813636015625 0.46459787812500003 0.96198605625 0.45037035625 0.9618444140625 0.43037544531250005 0.98102424375 0.438984925 1 0.4784325328125 1
0 0.5719926046875 1 0.596875 0.92346706875 0.596875 0.9161273859374999 0.5829243843749999 0.910340309375 0.533320703125 0.9103535703125001 0.5273692125 0.933637215625 0.5343005046875 0.9567729937499999 0.5273444281249999 0.968073575 0.521888709375 0.9687407859375 0.518626634375 0.9886429343750001 0.5496940578125 1 0.5719926046875 1
0 0.7615758578125 1 0.9140625 0.9840377281249999 0.9140625 0.9736327234375001 0.8915694140625 0.7949636156250001 0.888969628125 0.79692094375 0.883538928125 0.7772827265625 0.8767625796875 0.7768722234375 0.88108098125 0.8179590781250001 0.8810774625000001 0.8499570609375 0.8720514734375 0.854835265625 0.8620415203125 0.775612659375 0.808533234375 0.7576594203125 0.81238593125 0.78363848125 0.8099017125 0.7973722453125001 0.80096379375 0.79775030625 0.797492175 0.7593812343749999 0.7715264265624999 0.752567228125 0.7767808281249999 0.7812057390625 0.7769845484375 0.78848204375 0.7666151203125 0.7912559953125 0.763257928125 0.77532935625 0.7586419296875 0.784796315625 0.7643346249999999 0.812266065625 0.7700273203125 0.839735815625 0.7772979359375001 0.8608647296875 0.7849473453125 0.890935628125 0.776067778125 0.8918689078125001 0.7703155796875001 0.8745099140624999 0.75454761875 0.8312582703125001 0.74499985625 0.799141465625 0.740180221875 0.8013321109374999 0.7270943859375001 0.8049529421875 0.7130736062499999 0.8103560984374999 0.7297968828125 0.9320979453125 0.720829253125 0.937531390625 0.698293046875 0.819207315625 0.702232703125 0.8513522046875 0.6904032546875001 0.8509114484375001 0.6826966765625 0.809619328125 0.6621055609375001 0.8005563125 0.66017745625 0.803565771875 0.663446621875 0.8239925265625001 0.6611088296875 0.833781390625 0.6596761828125 0.8468432781249999 0.6701325312499999 0.8502351812500001 0.6706863453125 0.8608428265624999 0.661046996875 0.8652241453125 0.6682581546875 0.8964638140625001 0.6764945671875 0.9000890390625 0.6772818109375 0.9129176078125001 0.6725204921875 0.915663475 0.688433771875 0.9656361859375 0.6782978203125001 0.970631075 0.6613032171875 0.926385609375 0.6538254015625 0.92997836875 0.6138996015625 0.9077907421875 0.603178934375 0.9178993265625 0.6120949828125 1 0.7615758578125 1
0 0.96542298125 0.872949159375 0.9665986500000001 0.869682175 0.9650741859374999 0.8629609484375 0.9644300687499999 0.8629834437499999 0.9590210390625 0.8668705703124999 0.9590210390625 0.873822846875 0.963674859375 0.9984375 0.9703125 0.9984375 0.9703125 0.98786684375 0.96542298125 0.872949159375
0 0.966126703125 0.998431740625 0.9661584218750001 0.9984375 0.9742577140625001 0.9984375 0.990625 0.8799024093750001 0.990625 0.86694921875 0.9852459093749999 0.8647071046875 0.966126703125 0.998431740625
0 0.9548484078125 0.8638723718750001 0.950817815625 0.866595159375 0.976430184375 0.996875 0.9828125 0.996875 0.9828125 0.9930965234375 0.9548484078125 0.8638723718750001
0 0.9653169484375 0.8414342828124999 0.9759845468749999 0.8732228921875 0.9984375 0.9429097093750001 0.9984375 0.9136691578124999 0.973898265625 0.8386460437500001 0.9653169484375 0.8414342828124999
0 0.9634661281250001 0.828871490625 0.9596153890625001 0.830830725 0.9645637671875 0.865625 0.96834856875 0.865625 0.971823275 0.86173224375 0.9634661281250001 0.828871490625
0 0.9837345624999999 0.8327790937499999 0.9682787046874999 0.8641307921875001 0.9722541421875001 0.865625 0.9767451312500001 0.865625 0.9875 0.8394355296875 0.9875 0.834312228125 0.9842421234375 0.8327790937499999 0.9837345624999999 0.8327790937499999