0 1 0.6123798078125 0.8814103531249999 0.6003605765625 0.9623397421875 0.6877003203125 0.9575321484374999 0.69090545 0.8790064109375001 0.615584934375 0.9078525656249999 0.713341346875 0.8998397421875 0.713341346875 0.883814103125 0.657251603125 0.85576923125 0.6356169875 0.8397435890624999 0.6716746796875 0.8309294875000001 0.66766826875 0.829327021875 0.681290065625 0.8798076921875 0.7277644234375 0.8701923078125 0.7341747046875 0.8261217953125 0.6941106015625 0.829327021875 0.7149439109375 0.8133013796874999 0.712540065625 0.8092949687500001 0.67888621875 0.7988782046875 0.6716746796875 0.7868589734375 0.6820913703125 0.8076923078125 0.76141826875 0.7988782046875 0.7654246796875 0.7764423078125 0.6925080125 0.772435896875 0.69971955 0.76522445625 0.6941106015625 0.7756410265625 0.681290065625 0.7636217953125 0.6412259609375 0.737179584375 0.71173878125 0.728365384375 0.71173878125 0.748397434375 0.6500400890625 0.70753205 0.6949118578125 0.7852565078125 0.771834934375 0.7756410265625 0.7774439109375 0.6915064109375 0.7045272421875 0.6794871796875 0.7173477578125 0.70673076875 0.8215144234375 0.6939102578125 0.8231170359375 0.66746795 0.73096955 0.65625 0.743790065625 0.6450321484375 0.7357772421875 0.666666665625 0.7173477578125 0.653846153125 0.6820913703125 0.6282051281250001 0.750200346875 0.616185896875 0.746193934375 0.64423076875 0.681290065625 0.57371795 0.751001603125 0.57371795 0.771033653125 0.649038559375 0.8375400656249999 0.6386217953125 0.8455528843750001 0.5769230765625 0.7950721640625 0.584134615625 0.813501603125 0.5689102578125 0.825520834375 0.55128205 0.8175080124999999 0.5480769234375 0.78465545 0.54246795 0.79346955 0.5232371796875 0.7910657546875 0.5480769234375 0.771033653125 0.51201923125 0.7349759609375 0.5048076921875 0.738181115625 0.53205128125 0.9056490390624999 0.522435896875 0.9080528843750001 0.49198717968750005 0.7493990390625 0.47676282031249995 0.8110978046874999 0.46233974218749996 0.8094951921875 0.48237179531249996 0.743790065625 0.47996795 0.7349759609375 0.35256410312500003 0.86638621875 0.33894235625 0.8655849343750001 0.4527243578125 0.7389823718749999 0.46875 0.720552884375 0.44951923125000004 0.7149439109375 0.3934294875 0.701322115625 0.37419871875 0.6965144234375 0.37419871875 0.7077323718749999 0.3685897421875 0.775040065625 0.3629808171875 0.775040065625 0.3613782046875 0.7077323718749999 0.3565705125 0.69891826875 0.35576923125 0.6828926281250001 0.3285256421875 0.6780849609375 0.3493589734375 0.6965144234375 0.34455128125 0.7029246796875 0.33173076875 0.7021234234375 0.33173076875 0.7622195765625001 0.3173076921875 0.7662259859375 0.3028846640625 0.763020834375 0.306891075 0.713341346875 0.28445512812499996 0.7141426531249999 0.2644230765625 0.7293669875 0.322916715625 0.7862580125 0.31490389375 0.79266826875 0.2588141515625 0.739783653125 0.2564102578125 0.7485977578125 0.24278850937500002 0.7421875234375 0.252403846875 0.7341747046875 0.239583334375 0.7237580125 0.222756459375 0.726161884375 0.345352565625 0.8407451921875 0.3381410265625 0.84795673125 0.22676287031250003 0.752604165625 0.2972756421875 0.9192708828124999 0.2860576921875 0.9216746796875 0.2115384609375 0.7558092953125 0.197115384375 0.7542067546875 0.177884615625 0.7862580125 0.17628205 0.8343349343750001 0.165865384375 0.833533653125 0.16826923124999998 0.7998798078125 0.14503205 0.8399439109375001 0.13621795 0.838341346875 0.15544871875 0.7950721640625 0.0584935890625 0.9120592953125 0.0480769234375 0.9056490390624999 0.170673125 0.750200346875 0.1714743578125 0.7293669875 0.1610576921875 0.73096955 0.14583333437499998 0.73016829375 0.1314102578125 0.72295673125 0.0560897421875 0.79346955 0.0472756421875 0.7886618578125 0.12259620156249999 0.7149439109375 0.11538461562499999 0.713341346875 0.10176282031249999 0.69891826875 0.091346153125 0.6836939109375 0.08173076875 0.646834934375 0.06330128125 0.608373396875 0.052884615625 0.587540065625 0.0440705125 0.5723157046875 0.0008012812500000001 0.5723157046875 0 0.9983974343750001 1 1 1 0.6123798078125
0 0.30929487187500004 0.6756810890625 0.3076923078125 0.6418269234375 0.25 0.6548477578125 0.2732371796875 0.6612580125 0.2964743578125 0.6668669875 0.30929487187500004 0.6756810890625
0 0.3597756421875 0.6516426281250001 0.3501602578125 0.6490384609375 0.3373397421875 0.66846955 0.353365384375 0.6756810890625 0.35897440937499997 0.6764823718749999 0.3597756421875 0.6516426281250001
0 0.3693910265625 0.6724759609375 0.3998397421875 0.6620593203125 0.3693910265625 0.650841346875 0.3693910265625 0.6724759609375
0 0.48076923125000004 0.6179888078125 0.48798076874999996 0.608373396875 0.49358974218749996 0.5979567546875 0.470352565625 0.5979567546875 0.47115384687499995 0.6035657046875 0.45753205 0.6115785265625 0.42948717968750005 0.6203926281250001 0.407852565625 0.6252003203125 0.3790064109375 0.625 0.407852565625 0.66045673125 0.4431089734375 0.6524439109375 0.48076923125000004 0.6179888078125
0 0.49919871875000005 0.646033678125 0.496794871875 0.623397434375 0.48237179531249996 0.6324118578125 0.46394230781249995 0.6484375 0.4831730765625 0.646033678125 0.49919871875000005 0.646033678125
0 0.2660256421875 0.61638621875 0.2756410265625 0.6091746796875 0.266826971875 0.59715545 0.266826971875 0.5707131421875 0.20112179531250002 0.571314103125 0.2115384609375 0.5915464734375 0.22836538437499998 0.6091746796875 0.251602565625 0.613982396875 0.2660256421875 0.61638621875
0 0.520833334375 0.7157451921875 0.5440705125 0.7373798078125 0.541666665625 0.713341346875 0.520833334375 0.7157451921875
0 0.57371795 0.70612983125 0.57451923125 0.7059294875 0.571314103125 0.7373798078125 0.60496795 0.7029246796875 0.591346153125 0.6933092953125 0.57371795 0.70612983125
0 0.6402243578125 0.66606573125 0.6418269234375 0.65965545 0.6169871796875 0.6530448718749999 0.6129808671875 0.6764823718749999 0.6009615390625 0.689302884375 0.6121794875 0.6941106015625 0.6402243578125 0.66606573125
0 0.7243589734375 0.6524439109375 0.7019230765625 0.6620593203125 0.677083334375 0.6626602578125 0.6971154828125 0.6868990390625 0.727564103125 0.6524439109375 0.7243589734375 0.6524439109375
0 0.6770834296875 0.709334934375 0.6875 0.6925080125 0.6714743578125 0.685096153125 0.6770834296875 0.709334934375
0 0.7852564109375 0.6322115390625 0.803685896875 0.6532451921875 0.802083334375 0.6300080390625 0.7852564109375 0.6322115390625
0 0.783653846875 0.6724759609375 0.7956730765625 0.6628605765625 0.779647434375 0.6490384609375 0.783653846875 0.6724759609375
0 0.8389423078125 0.6324118578125 0.8293269234375 0.6402243578125 0.8301282046875 0.65965545 0.833333334375 0.6588541921875 0.84294871875 0.6404246796875 0.8389423078125 0.6324118578125
0 0.86378205 0.6131810890625 0.8613782046875 0.6235977578125 0.87419871875 0.6420272421875 0.8733974343750001 0.615584934375 0.86378205 0.6131810890625
0 0.657852565625 0.575520834375 0.6738782046875 0.59795673125 0.685096153125 0.577123396875 0.657852565625 0.575520834375
0 0.3373397421875 0.625 0.3365384609375 0.6436298078125 0.3501602578125 0.6308092953125 0.3509615390625 0.626802884375 0.3373397421875 0.625