0 0.5703065765625001 0.9000367453125 0.5529614859375 0.8972615312500001 0.593202096875 0.8375944203125 0.568225165625 0.8334316203125001 0.5328411796875 0.8181679187500001 0.5481048609375 0.8035980437499999 0.58348884375 0.8015166328125 0.6181790265625 0.8001290234375 0.617485221875 0.7897219718749999 0.5009262140625 0.7862529515625 0.5002324109375 0.995087840625 0.474591790625 0.9995155656250001 0.72638514375 0.9997481296874999 0.72294345625 0.9680294999999999 0.6799275484375 0.9104438437500001 0.6091595796875 0.9375021421874999 0.5730817906250001 0.9992506640625001 0.5522676828125 0.9971692953125 0.639687021875 0.84036965625 0.62581095 0.8417572421875 0.60707816875 0.8396758312499999 0.5703065765625001 0.9000367453125
0 0.9040261171875 0.9978630578125 0.8811305984375 0.952072059375 0.8020369859375001 0.9187694453124999 0.752083125 0.9694171515625 0.75347073125 0.9985568609375 0.7310540578125 0.9997524421874999 0.9990772140624999 1 0.9997710171874999 0.807067059375 0.9248402265625 0.802904240625 0.9165145812500001 0.81331129375 0.8963943625 0.827187365625 0.876273971875 0.8417572421875 0.8506032375 0.855633315625 0.92622783125 0.9971692953125 0.9040261171875 0.9978630578125
0 0.23237179531250002 0.9397536656250001 0.26241987187500004 0.89568309375 0.23838141093749998 0.8834134609375001 0.23237179531250002 0.9397536656250001
0 0.21534455000000002 0.8846654640624999 0.19330929531250002 0.8984375 0.199318971875 0.9036959453125 0.2103365390625 0.9227263625000001 0.21534455000000002 0.8846654640624999
0 0.13621795 0.9107071328125 0.177283653125 0.8856670671875 0.1662660265625 0.8673878203125 0.13621795 0.9107071328125
0 0.27243589687499997 0.8656350171874999 0.2684294875 0.849609375 0.2564102578125 0.8526141828125 0.2373798078125 0.8606270031250001 0.2373798078125 0.870643028125 0.26241987187500004 0.88166065625 0.27243589687499997 0.8656350171874999
0 0.31149839687499997 0.8946814906249999 0.3675881421875 0.9217247593750001 0.325520834375 0.8814102578125 0.31149839687499997 0.8946814906249999
0 0.618990384375 0.9197215546875 0.6660657046875 0.8906750796875 0.6470352578125 0.8653846156249999 0.618990384375 0.9197215546875
0 0.768229165625 0.9036959453125 0.75420673125 0.907702325 0.756209934375 0.9527744406249999 0.7922677499999999 0.9177183484375 0.768229165625 0.9036959453125
0 0.7762419875 0.867638221875 0.7572115390625 0.8623798078125 0.756209934375 0.8866686703125 0.7732371796875 0.8946814906249999 0.7872597375 0.8836638921875 0.7762419875 0.867638221875
0 0.819310896875 0.8623798078125 0.8022837765625 0.862630209375 0.780248396875 0.86162860625 0.799278846875 0.87665264375 0.819310896875 0.8623798078125
0 0.8263221156249999 0.89367991875 0.860376603125 0.92072315625 0.8343349343750001 0.885416665625 0.8263221156249999 0.89367991875
0 0.7962740390625 0.8906750796875 0.7852564109375 0.8984375 0.7972757640625 0.907702325 0.8092948718749999 0.8966846953125 0.7962740390625 0.8906750796875
0 0.333533653125 0.8754006421874999 0.3665865390625 0.9056991171875 0.3425480765625 0.8656350171874999 0.333533653125 0.8754006421874999
0 0.1732772421875 0.858373396875 0.1842949328125 0.8806590546875 0.2043269828125 0.869641425 0.17528045 0.8586238296875001 0.1732772421875 0.858373396875
0 0.196314103125 0.8513621796875 0.21534455000000002 0.8646334140624999 0.22235576875000002 0.8486078031250001 0.196314103125 0.8513621796875
0 0.8112980765625 0.914713540625 0.858373396875 0.9357471953125 0.8173076921875 0.9034455124999999 0.8112980765625 0.914713540625
0 0.71985446875 0.8551520265624999 0.696465696875 0.854339915625 0.6990644500000001 0.8661967453124999 0.7172557953124999 0.857750778125 0.71985446875 0.8551520265624999
0 0.7250519765625 0.866034303125 0.709459459375 0.87204391875 0.7133575890625 0.8863370578125 0.7289501031250001 0.879840178125 0.7250519765625 0.866034303125
0 0.29235966874999997 0.9051780140625001 0.260524946875 0.8920218296875 0.231938709375 0.9383121484375 0.2325883578125 0.9487071203124999 0.29235966874999997 0.9051780140625001