0 0.678125 1 0.678125 0.9976955484375001 0.665345434375 0.9412608359375 0.589690075 0.9371958953125 0.531615990625 0.9789318187499999 0.513447925 0.9685645328125 0.657085625 0.860877584375 0.64384481875 0.8565013 0.6275781578124999 0.846980528125 0.5694346421875001 0.8871666125000001 0.55471789375 0.87757644375 0.6157483218750001 0.8394351578125001 0.594623921875 0.8254732171875 0.56850735 0.79713716875 0.58837751875 0.7900352234375 0.62154898125 0.8025257218749999 0.6538044328125 0.815367846875 0.6574035406250001 0.8055783359375001 0.5523325640625 0.755000409375 0.4667579421875 0.945498378125 0.4418484859375 0.9391941328125 0.4418484859375 0.939255071875 0.5779453890624999 1 0.678125 1
0 0.8778953375 1 0.9984375 0.97006369375 0.9984375 0.882902765625 0.9726052624999999 0.777684859375 0.8988931593749999 0.79177309375 0.8933325156249999 0.8038851687499999 0.8771668796875 0.8222165828125 0.8611689218749999 0.841221234375 0.8396176453124999 0.8608954421874999 0.9472365171874999 0.9799319531249999 0.9258621249999999 0.9859761875 0.8925688562499999 0.9470843046875 0.8077680296875 0.9339053984374999 0.7715508015625 0.995133584375 0.7730132328125 1 0.8778953375 1
0 0.23760254218750002 0.940625 0.23882129531250001 0.940625 0.2578125 0.8965000234374999 0.2578125 0.8936806515625 0.23295436249999998 0.8865336609375 0.23760254218750002 0.940625
0 0.1915748609375 0.9014248234375 0.1989153515625 0.9045688109375 0.2140625 0.9181746140625 0.2140625 0.912726990625 0.20827584062499999 0.8815175703125 0.1915748609375 0.9014248234375
0 0.14130474531249998 0.9125 0.1421951078125 0.9125 0.1765625 0.8832789640625001 0.1765625 0.88171659375 0.16358737968749998 0.8662966953125 0.14130474531249998 0.9125
0 0.2516511734375 0.8530729734375001 0.236508946875 0.8671113593750001 0.23993462812500002 0.87652334375 0.2643744765625 0.878125 0.2672726765625 0.878125 0.2703125 0.8638303640625 0.2703125 0.8585671749999999 0.26191785 0.846138559375 0.2516511734375 0.8530729734375001
0 0.3114659015625 0.8988239281249999 0.36875 0.9171504703125001 0.36875 0.9163394625000001 0.32350487499999997 0.883730303125 0.3114659015625 0.8988239281249999
0 0.6226166656250001 0.9203125 0.6237431609375 0.9203125 0.665625 0.889122625 0.665625 0.8875239781250001 0.6453237 0.8649458593749999 0.6226166656250001 0.9203125
0 0.7489513796875 0.91493533125 0.7644351328125001 0.95625 0.765276353125 0.95625 0.7875 0.9141116265625 0.7875 0.9125378656249999 0.7610494671875 0.9067918671875 0.7489513796875 0.91493533125
0 0.7742319109375 0.89375 0.7755815078125 0.89375 0.7875 0.8817660515625001 0.7875 0.8810736078125 0.7749355984374999 0.866876515625 0.75598514375 0.8640625 0.7554131359375 0.8640625 0.7573720890625 0.888206409375 0.7742319109375 0.89375
0 0.7794448765624999 0.870468125 0.8029408828125 0.8764528859375 0.8140625 0.857594809375 0.8140625 0.8559020171875 0.7999825859375 0.8624205390625 0.7794448765624999 0.870468125
0 0.8242710265625 0.8984489999999999 0.8620517234375 0.9140625 0.8631672625 0.9140625 0.8296957812500001 0.8882972171875 0.8242710265625 0.8984489999999999
0 0.7971698328125 0.890372984375 0.7852883265624999 0.896734834375 0.794928546875 0.90625 0.7976941328125 0.90625 0.8093612218749999 0.8979246453125 0.7971698328125 0.890372984375
0 0.37109475000000003 0.896875 0.371875 0.896875 0.371875 0.8968721578125001 0.3353673515625 0.8703125 0.3347046 0.8703125 0.33035952968750004 0.8824415453125001 0.37109475000000003 0.896875
0 0.1728065328125 0.8586313078125001 0.18321639375 0.8796875 0.1860596171875 0.8796875 0.2015625 0.8711609140625001 0.2015625 0.8690292906250001 0.17480974062500002 0.8588817421874999 0.1728065328125 0.8586313078125001
0 0.21219405937500002 0.865625 0.21247802187499998 0.865625 0.221875 0.8554163875 0.221875 0.8523998234375 0.1986466515625 0.847053196875 0.21219405937500002 0.865625
0 0.82240868125 0.8994620703124999 0.8136874578125 0.9087907453125 0.8509694031249999 0.9390625 0.8515625 0.9390625 0.8515625 0.9384158749999999 0.82240868125 0.8994620703124999
0 0.69820684375 0.8513495671875001 0.6976931875 0.8625 0.7029406375 0.8625 0.717408103125 0.8599737921875 0.7203125 0.85829688125 0.7203125 0.8580511421875 0.6983770796875 0.8513495671875001 0.69820684375 0.8513495671875001
0 0.7227472406250001 0.8654433578124999 0.7087449265625 0.874563515625 0.7146041999999999 0.8859375 0.7181316078125 0.8859375 0.7294305859375 0.8781370734375 0.7227472406250001 0.8654433578124999
0 0.29235966874999997 0.9051780140625001 0.260524946875 0.8920218296875 0.231938709375 0.9383121484375 0.2325883578125 0.9487071203124999 0.29235966874999997 0.9051780140625001