0 0.6818865640625 0.8949228640625 0.6175817703125001 0.934987190625 0.5953662015625001 0.9984375 0.616749675 0.9984375 0.74375 0.9738728484375001 0.74375 0.971198803125 0.7351000109375 0.9432426875000001 0.6818865640625 0.8949228640625
0 0.5964065578125 0.8391857187499999 0.57182796875 0.9054539828125 0.5542720203125 0.90603935625 0.5823882765625 0.8397902281249999 0.5570759421875 0.8404697328124999 0.519429609375 0.8322380515625 0.531632790625 0.8150234187500001 0.5659695171875 0.8062286671875001 0.599757575 0.7982473531250001 0.597090759375 0.7881638921875 0.4820113484375 0.8069991156249999 0.5185635875 0.9984375 0.57455665625 0.9984375 0.6265625 0.839706896875 0.6265625 0.8342410140625001 0.6151923171875 0.8376545046875 0.5964065578125 0.8391857187499999
0 0.9952112734374999 1 0.9984375 0.9162490343749999 0.9984375 0.8114476921874999 0.9277207109375001 0.8050370640625 0.9190369374999999 0.8151472171874999 0.8984447078125 0.82831265 0.877828090625 0.842171459375 0.8516887265624999 0.855143184375 0.9223277171875001 0.9992322046875 0.900115315625 0.999150715625 0.8788318296875 0.9525885703125001 0.8009486421875 0.916545915625 0.74925763125 0.9654194046875 0.74962743125 0.9945897890625 0.7271826875 0.9950023109374999 0.8666054609374999 1 0.9952112734374999 1
0 0.2342464359375 0.9390625 0.235633171875 0.9390625 0.259375 0.898411803125 0.259375 0.89482131875 0.2362189640625 0.884972828125 0.2342464359375 0.9390625
0 0.19132737500000002 0.9034243703125 0.19891395 0.9059166265625 0.215625 0.9184780171875 0.215625 0.9160058718749999 0.206229771875 0.8821372859375 0.19132737500000002 0.9034243703125
0 0.1396581828125 0.909375 0.141636609375 0.909375 0.175 0.88568851875 0.175 0.8805014671875 0.16516488125 0.86649661875 0.1396581828125 0.909375
0 0.25833606875 0.8526971203124999 0.2384709515625 0.8583309859374999 0.2375 0.8662387484374999 0.2375 0.8684209031250001 0.259064203125 0.88125 0.2615786265625 0.88125 0.271875 0.8685374796875 0.271875 0.861251034375 0.270631903125 0.8511794859374999 0.25833606875 0.8526971203124999
0 0.35339477656249996 0.9078125 0.371875 0.9078125 0.371875 0.907636103125 0.3202314546875 0.8890625 0.31914768125 0.8890625 0.311876425 0.906550740625 0.35339477656249996 0.9078125
0 0.616109103125 0.90625 0.6640625 0.900637584375 0.6640625 0.8983982968750001 0.6581128875 0.8703125 0.6570699859375 0.8703125 0.610573009375 0.90625 0.616109103125 0.90625
0 0.7484658359374999 0.915146440625 0.764694096875 0.95625 0.7654688921874999 0.95625 0.7875 0.91264910625 0.7875 0.9121827031249999 0.760419959375 0.9067930750000001 0.7484658359374999 0.915146440625
0 0.7615151109375 0.8586561828124999 0.7542612156249999 0.8818581890624999 0.76648381875 0.8921875 0.7728836625 0.8921875 0.784375 0.8872725328125 0.784375 0.88514129375 0.778536134375 0.8686608640625 0.7615151109375 0.8586561828124999
0 0.78385439375 0.8567885953125 0.796945359375 0.875 0.8021818875 0.875 0.81875 0.8691427265625 0.81875 0.8676149984375 0.8047600796875001 0.8638251718750001 0.78385439375 0.8567885953125
0 0.8325090375 0.8864384109375001 0.8252469 0.895368584375 0.8606344953124999 0.91875 0.8609375 0.91875 0.8609375 0.9186704875 0.8325090375 0.8864384109375001
0 0.7854921625 0.8997400640625 0.7984141109375 0.9076977703125 0.8078125 0.8970708109375 0.8078125 0.895007140625 0.7956380421875 0.8908685109375 0.7854921625 0.8997400640625
0 0.33294202031250003 0.8766910125 0.366161665625 0.903125 0.366989475 0.903125 0.34125326875 0.8663203609375 0.33294202031250003 0.8766910125
0 0.173405059375 0.8578151578125001 0.1832840609375 0.8796875 0.185190109375 0.8796875 0.2015625 0.8714133359374999 0.2015625 0.86911880625 0.17539830781250002 0.8581353500000001 0.173405059375 0.8578151578125001
0 0.21345662187499997 0.8640625 0.21557010000000001 0.8640625 0.21875 0.856434321875 0.21875 0.8494073328124999 0.195848584375 0.8522345359375001 0.21345662187499997 0.8640625
0 0.8116305374999999 0.9218907296875001 0.8555230203124999 0.9265625 0.8607656921875 0.9265625 0.813864009375 0.909317125 0.8116305374999999 0.9218907296875001
0 0.6993673546875 0.865625 0.716537825 0.8580143984375 0.7171875 0.8573869953125 0.7171875 0.8553572921875 0.7043584093749999 0.8546875 0.6959001015624999 0.8546875 0.698098034375 0.865625 0.6993673546875 0.865625
0 0.7111304046875 0.8853695578125 0.7276761031250001 0.8819672359374999 0.72648388125 0.8676712171875 0.7100311546875 0.8705952265624999 0.7111304046875 0.8853695578125
0 0.29235966874999997 0.9051780140625001 0.260524946875 0.8920218296875 0.231938709375 0.9383121484375 0.2325883578125 0.9487071203124999 0.29235966874999997 0.9051780140625001