0 1 0.8260033703125 0.80728321875 0.77822245 0.80728321875 0.7946248484375 0.8015780390625 0.8031826203125 0.8001517421875001 0.8538161078125001 0.8108489593750001 0.9436727218750001 0.7980123 0.949377903125 0.783749346875 0.8188718921874999 0.778757309375 0.8202981656249999 0.7851756390625 0.9978719921874999 0.771625834375 0.9978719921874999 0.7573628796875 0.8217244609375 0.6988847671875 0.8081746750000001 0.69032708125 0.8923260859375001 0.6803429249999999 0.896604971875 0.6824823671875 0.8687922328125 0.6753508921875 0.8716448 0.6724983875 0.8374137109375 0.65680905 0.8531029609375 0.6518170171875 0.9443859140624999 0.638267209375 0.949377903125 0.6396935046875 0.8744973921874999 0.6047492671875 0.9051627453125001 0.6047492671875 0.9557962328125 0.593338903125 0.9600751203125 0.5940520499999999 0.773230415625 0.581928540625 0.7696646781250001 0.579789096875 0.8267164953125 0.5747970625 0.8345611203125 0.5769365078125 0.9322623578125 0.5633867 0.9315492093750001 0.554828928125 0.816019278125 0.5355739374999999 0.8031826203125 0.527016165625 0.8081746750000001 0.511326915625 0.9964456531250001 0.4984902578125 0.9964456531250001 0.5013428484375 0.8502503703125001 0.4321675625 0.8295691078124999 0.42147034687499996 0.9500910499999999 0.4107731296875 0.9529436421874999 0.4143388703125 0.7874933703125 0.40364165312500006 0.7946248484375 0.3893787 0.93511495 0.3793945859375 0.935828096875 0.38010773593749997 0.8060352109375 0.37796829062500004 0.8060352109375 0.37725514375 0.8281427906250001 0.3729762578125 0.8281427906250001 0.370123665625 0.8081746750000001 0.366557928125 0.811740415625 0.3679842671875 0.8502503703125001 0.35800015625000003 0.8481109281249999 0.35728705 0.793911721875 0.33375313281249996 0.789632815625 0.3244822140625 0.88733405 0.32091647343749996 0.8980312671874999 0.31164555312500003 0.895891825 0.315924440625 0.7554017234375 0.29310375781250003 0.7682383828125 0.29809574687499996 0.7710909734375 0.282406540625 0.77822245 0.2681435859375 0.7753698578125 0.2574463703125 0.7917722578124999 0.23819133906249998 0.793198553125 0.237478190625 0.784640778125 0.15831879375 0.817445575 0.1590319421875 0.8302822328125 0.13478491875 0.832421678125 0.1233745546875 0.8295691078124999 0.1076853046875 0.8488240749999999 0.0962749421875 0.854529278125 0.07773310156249999 0.8566687 0.079159396875 0.8431188921875 0.0249601921875 0.8645133250000001 0.027812762499999998 0.870931653125 0.022820726562499997 0.8780631328125 0.0099840671875 0.8823420171875 0.000713146875 0.8823420171875 0.0021394421875 1 1 1 1 0.8260033703125
0 0.6153504062499999 0.793145165625 0.6125068265625 0.7846144296875 0.6082414593750001 0.7726713890625 0.6042604500000001 0.774306446875 0.605113521875 0.8858458359375 0.6329805937499999 0.8576943890625 0.6153504062499999 0.793145165625
0 0.6369616375 0.791439009375 0.6309900859375001 0.7911546515625 0.6292839406249999 0.78091776875 0.6207532046875001 0.77914053125 0.639805215625 0.8520072328125 0.6409426125000001 0.8517228921875001 0.641795684375 0.79542001875 0.6369616375 0.791439009375
0 0.6597102671874999 0.798832321875 0.6585728 0.835798834375 0.675349946875 0.820443509375 0.6744968390625 0.8019602499999999 0.6597102671874999 0.798832321875
0 0.4882424421875 0.7934295140625001 0.4882424421875 0.8164624999999999 0.5053039140625 0.8218653 0.5058726296875 0.7994010281249999 0.4882424421875 0.7934295140625001
0 0.45753179375 0.7754438796875001 0.4592379421875 0.8062256171875 0.47146534687499997 0.8062256171875 0.4708966125 0.7792116203125 0.45753179375 0.7754438796875001
0 0.5428391515625 0.78774235625 0.554497825 0.78774235625 0.5539291078125 0.780562321875 0.5428391515625 0.78774235625
0 0.443598259375 0.777221115625 0.4364893125 0.7760836921875 0.43592059687500007 0.7982635984375 0.44644183593750003 0.7999697453125 0.443598259375 0.777221115625
0 0.40720047187499997 0.768406021875 0.406063021875 0.783761346875 0.41544683125 0.7703965359375 0.41544683125 0.7675529562500001 0.40720047187499997 0.768406021875
0 0.352035028125 0.751913278125 0.356300396875 0.74423560625 0.3528881015625 0.7399702359375 0.3415137890625 0.74025459375 0.3372484203125 0.745088678125 0.337817134375 0.7581691390625 0.3494758078125 0.7573160671875 0.352035028125 0.751913278125
0 0.5729810843750001 0.762079059375 0.568715715625 0.7632875890624999 0.5692844328125 0.801391534375 0.5721280125 0.8002541109375001 0.5729810843750001 0.762079059375