0 1 0.8357510828124999 0.9862624249999999 0.7490154453125 0.788443725 0.7319703343749999 0.7910096249999999 0.7481707921874999 0.786713415625 0.757515690625 0.7932255015624999 0.80774891875 0.8178476890624999 0.894825834375 0.8060615578125001 0.9024688734374999 0.7715585671875 0.7758008234375 0.7668511078125 0.7779904640625 0.800969084375 0.9523740140625 0.7875861 0.9544936703125 0.7459432015624999 0.782746025 0.6860653984375 0.7785110515625 0.6907772515625 0.8629651359375 0.6815853828125 0.8687532078125001 0.6793476140625 0.8409482078125 0.6727501796875 0.8448812625000001 0.664577871875 0.8115178453125 0.6515360343750001 0.8294682890624999 0.6608852625 0.920408321875 0.64828319375 0.927458509375 0.6379780375 0.85327678125 0.6082611390625 0.8890310765624999 0.6161819609375 0.9390411796875 0.60558144375 0.9450523609375001 0.5770568593750001 0.7603964640624999 0.56452480625 0.7587711609375 0.5713365718750001 0.8154552609374999 0.56763316875 0.8239842296875001 0.5850301140624999 0.9201479203125 0.571535565625 0.9215632093749999 0.5450102921875 0.8087943750000001 0.523984265625 0.7991279 0.516312784375 0.8053972265624999 0.5302687640625 0.993804615625 0.517590146875 0.9958127093750001 0.49753763749999996 0.8509710890625 0.4259787515625 0.841365846875 0.43426702187500005 0.9620773765624999 0.4241477484375 0.9665682625 0.4017874640625 0.802597153125 0.39233755625 0.81131424375 0.40022769843750006 0.952305896875 0.390478065625 0.9545721234375 0.37087835468749997 0.8262656421875001 0.36876525 0.826600325 0.3715192703125 0.8485472859375 0.3672930640625 0.84921665 0.361351890625 0.82994061875 0.35838785781250004 0.8340202640625 0.3658209203125 0.87183296875 0.3556250484375 0.871281725 0.34644209843749996 0.8178613546875001 0.322528553125 0.8173166453125 0.328655615625 0.91526530625 0.3268071890625 0.926388628125 0.3173157265625 0.9257258171875 0.299564440625 0.7862960171875 0.27903281406249997 0.8025445781249999 0.2844095859375 0.8045811281249999 0.27002914843750003 0.8140791390625 0.25549555156250003 0.8134928828125 0.2474959375 0.8313667562499999 0.2287010890625 0.835787640625 0.2266579890625 0.8274467890625001 0.1536049765625 0.8722309625 0.156317440625 0.88479801875 0.132703621875 0.8907041921875001 0.12098749843750001 0.889671715625 0.10850354843750001 0.9111439625 0.0981261578125 0.9185638984375 0.08014727656250001 0.9235775625 0.0794363546875 0.9099714562500001 0.029251259374999998 0.939581109375 0.0330727578125 0.9454741765625 0.029257790625000002 0.9532987828125 0.0172485375 0.9595330828125 0.0080917578125 0.960983375 0.01475715625 1 0.513873628125 1 1 0.9230051484375 1 0.8357510828124999
0 0.60758171875 0.7851929390625 0.60209133125 0.773761175 0.5983190875 0.7757947515625 0.5983190875 0.7759456375 0.6107309140625 0.8859375 0.6113755546874999 0.8859375 0.634375 0.8572388859375 0.634375 0.8526322343749999 0.611301425 0.7933797078125 0.60758171875 0.7851929390625
0 0.6414889390625 0.79490840625 0.6365189 0.791098528125 0.6305410640625 0.791022746875 0.6284786953125 0.7808516437499999 0.61989113125 0.7793732078125 0.64054935 0.8484375 0.6421875 0.8484375 0.6421875 0.8302627375 0.6414889390625 0.79490840625
0 0.6735183874999999 0.801206484375 0.658485859375 0.7996413078125 0.66105943125 0.834375 0.6631223890625 0.834375 0.6762988484375 0.819499315625 0.6735183874999999 0.801206484375
0 0.5000496140624999 0.821875 0.502467390625 0.821875 0.50625 0.80474231875 0.50625 0.800649321875 0.4914219046875 0.7921875 0.4908262203125 0.7921875 0.4864907953125 0.8144913125000001 0.5000496140624999 0.821875
0 0.45780598125000005 0.80625 0.47003723593749996 0.80625 0.4703125 0.797461221875 0.4703125 0.7797130250000001 0.4577132125 0.77543763125 0.45780598125000005 0.80625
0 0.5477778375 0.7875 0.554286846875 0.7875 0.5546875 0.7839677125 0.5546875 0.7816902234375 0.5427019625 0.78651335 0.5477778375 0.7875
0 0.43173007031250005 0.77900300625 0.4401930140625 0.7984375 0.4437983 0.7984375 0.45 0.7966838828125 0.45 0.79509958125 0.43865366093749997 0.77702949375 0.43173007031250005 0.77900300625
0 0.4052219015625 0.7828125 0.4057760859375 0.7828125 0.4125 0.774229084375 0.4125 0.76810559375 0.407054221875 0.7683820453125 0.4052219015625 0.7828125
0 0.3404925390625 0.740682221875 0.33657476875 0.7458020671875001 0.3377632296875 0.75625 0.349975765625 0.75625 0.3518014171875 0.75157858125 0.353125 0.74874719375 0.353125 0.7410220828125 0.3518193078125 0.739605125 0.3404925390625 0.740682221875
0 0.567840409375 0.7627400171875001 0.5689966109375 0.7984375 0.5703125 0.7984375 0.5703125 0.7619927390625 0.567840409375 0.7627400171875001