0 0.822540165625 0.8556686390625 0.8185720671875 0.8715838171874999 0.8109660421875 0.878507178125 0.7973327640625001 0.9272915812500001 0.7883310359375 0.9984375 0.98556043125 0.9984375 0.997973184375 0.9486526718749999 0.822540165625 0.8556686390625
0 0.77539746875 1 0.7890625 0.8997604171875 0.7890625 0.8899310437500001 0.7852199093750001 0.8900615453125 0.7619921765625 1 0.77539746875 1
0 0 0.8790375828125001 0.47888691406249995 0.9984375 0.7446443046875 0.9984375 0.7625 0.89023739375 0.7625 0.8852174140625 0.7098009765625 0.8583130484374999 0.681139421875 0.9378945109375 0.67041668125 0.939630909375 0.6792210843750001 0.9131619046875 0.6716113453125 0.9142044796875 0.677124821875 0.8803001171875 0.6581059515625001 0.891727734375 0.6311788593750001 0.9790915109375 0.6168238671874999 0.980657221875 0.6363230296875 0.9083460343749999 0.5949981656250001 0.9296467187499999 0.582748815625 0.9787761765624999 0.5706422328125 0.9801675453125 0.6165360203125 0.799045453125 0.6056352609375 0.792652690625 0.589757284375 0.847492246875 0.5830157484375 0.8538961703125001 0.561455575 0.9492128421875 0.5484807796875 0.9452428812500001 0.56812643125 0.8310743703125001 0.5525488640625 0.8139608109375001 0.5430376078125 0.8167342703125 0.48226752343749996 0.995617221875 0.46981216875 0.9925117515625 0.507947865625 0.8513491999999999 0.44583063125000005 0.8145472406250001 0.40629427187499995 0.9289012781249999 0.395224703125 0.92908124375 0.4387105703125 0.7694081828125 0.4266058453125 0.7737399359375 0.37877893125 0.906606359375 0.3689188609375 0.904882946875 0.40101056875 0.779117990625 0.398934675 0.7786004125 0.392894403125 0.7998787765625 0.38874261875 0.7988436203125 0.390805484375 0.7787785390625 0.386483034375 0.78137573125 0.378550603125 0.8190868375000001 0.3693806421875 0.8145955703125001 0.3818006921875 0.7618337984375 0.36000099375 0.7519886234375 0.32736939375 0.8445448734375001 0.3213216796875 0.8540617078125001 0.3128437234375 0.849742978125 0.350983140625 0.714461190625 0.32573486093750004 0.7213957234375 0.3298884625 0.7253712515624999 0.3129400328125 0.7284953296875 0.299790853125 0.7222769515625 0.285443290625 0.7356042390625 0.2664151640625 0.732329953125 0.2677935125 0.7238538546875 0.1830492890625 0.7365338171875 0.18063578593750002 0.7491616984375 0.15659142343750002 0.74537170625 0.1462100953125 0.739843453125 0.126328684375 0.7547308921875 0.11387704531250001 0.757506209375 0.095368403125 0.7550964046875001 0.1000303265625 0.7422941359374999 0.0422652890625 0.7499410890625 0.0434803921875 0.7568588640625 0.0369113796875 0.762570825 0.0234208671875 0.7636171390625 0.0144253328125 0.7613743015625001 0 0.8223717265625 0 0.8790375828125001
0 0.60734858125 0.785537690625 0.6016595171875 0.7742034890625 0.5979074437499999 0.7763115234375 0.6122197 0.8859375 0.6131035625 0.8859375 0.6359375 0.856403578125 0.6359375 0.8540192859375001 0.6112105999999999 0.7936582953125 0.60734858125 0.785537690625
0 0.6340754984375 0.7925896359375 0.6281713953125 0.790502053125 0.622462715625 0.7922772359375 0.61735824375 0.7832412484375 0.6091768625 0.7844248234375 0.6091768625 0.7851294 0.6507762328125 0.8453125 0.6515625 0.8453125 0.6515625 0.8429981578125 0.6340754984375 0.7925896359375
0 0.6581079796875 0.834375 0.6757756781250001 0.821788384375 0.6765625 0.8114622484374999 0.6765625 0.803126475 0.66290150625 0.7984375 0.6628855125 0.7984375 0.657346209375 0.834375 0.6581079796875 0.834375
0 0.5000496140624999 0.821875 0.502467390625 0.821875 0.50625 0.80474231875 0.50625 0.800649321875 0.4914219046875 0.7921875 0.4908262203125 0.7921875 0.4864907953125 0.8144913125000001 0.5000496140624999 0.821875
0 0.4533159015625 0.8034906421875 0.46014555 0.80625 0.46534450625 0.80625 0.4734375 0.78493821875 0.4734375 0.782185825 0.4632650296875 0.7743111781249999 0.4533159015625 0.8034906421875
0 0.5459028546875 0.7875 0.5494721859375 0.7875 0.553125 0.7859494734375 0.553125 0.7810950765625 0.5518678140625 0.7786830109375 0.5459028546875 0.7875
0 0.4403798 0.7772534640625001 0.433232725 0.77811959375 0.4384990984375 0.7984375 0.4484375 0.7984375 0.4484375 0.7961216484375 0.4403798 0.7772534640625001
0 0.4091448796875 0.784375 0.4096419125 0.784375 0.4109375 0.7777552953125 0.4109375 0.76693951875 0.4042601828125 0.7707800921875 0.4091448796875 0.784375
0 0.3488851046875 0.7382420671875 0.3384455484375 0.7427666109375 0.336301646875 0.74884653125 0.34109742656250003 0.759375 0.34454855 0.759375 0.35221914375 0.755603109375 0.352568090625 0.7496350296875 0.353646765625 0.74091858125 0.3488851046875 0.7382420671875
0 0.5742277015624999 0.8 0.575 0.79952113125 0.575 0.7992975390625 0.5692424 0.7617584921875 0.565251690625 0.7636893359375 0.5722145171874999 0.8 0.5742277015624999 0.8