0 1 0.7545792859375 0.9792762312500001 0.7458991593750001 0.978487128125 0.7490555703124999 0.9627050765625 0.741953646875 0.9627050765625 0.7238043125 0.8987877718749999 0.732484415625 0.8995768749999999 0.7395863625 0.904311490625 0.73721903125 0.904311490625 0.7553683890625 0.8924749515625001 0.7585247984375 0.8845839281250001 0.7506337734375 0.8830057218749999 0.738008134375 0.888529440625 0.7348517234374999 0.888529440625 0.7301171078124999 0.8111973921875 0.7048658265625 0.7883134187499999 0.7348517234374999 0.7946263359375 0.7853542859375 0.8096191875000001 0.795612665625 0.8143538984375001 0.8153402281250001 0.7946263359375 0.8271767671875001 0.7662185484374999 0.8342786421874999 0.7378108578125 0.83664595 0.744123678125 0.8847812015625 0.7583275234375 0.8981959921874999 0.7614839328125 0.9147670984375 0.7520147046875 0.9344946609375 0.7291307312499999 0.951065815625 0.691253809375 0.9613241953125 0.6423294515625 0.9605350453125 0.5941942 0.9534331703125 0.5578954828125 0.9392292765624999 0.53422240625 0.92107991875 0.5271204859374999 0.9060870187500001 0.540535228125 0.8303331296875 0.5239640750000001 0.8145510796875 0.5239640750000001 0.7940344140625 0.515283946875 0.798769028125 0.5073929203125 0.806660053125 0.441108309375 0.806660053125 0.413489721875 0.8074492046874999 0.402442334375 0.797979925 0.41033336093750006 0.8768901781249999 0.388238440625 0.8863594562499999 0.36535446875 0.89740684375 0.3314231078125 0.9060870187500001 0.294335240625 0.9045087671875001 0.26434939218750003 0.9037196640625 0.2312070390625 0.8950395359375 0.2154249875 0.8832029968749999 0.2122685796875 0.863475434375 0.220159603125 0.8216530000000001 0.20990127187500002 0.8232312546875 0.19017370625000002 0.816918384375 0.17912627187500002 0.8074492046874999 0.18070447812499998 0.7861433875 0.18622819531249998 0.7498446703125 0.19096280937500001 0.7340626203125 0.18622819531249998 0.7143350578125001 0.17991537500000002 0.7119677734375001 0.168867940625 0.7135459546875 0.165711528125 0.707233134375 0.168867940625 0.6993421109375 0.175180759375 0.648050446875 0.1720243515625 0.648839571875 0.1617660171875 0.6149081390625 0.1167871734375 0.613329959375 0.1167871734375 0.622799165625 0 0.625166496875 0 0.99900379375 1 0.9992010671875 1 0.7545792859375
0 0.5578954828125 0.9250254296874999 0.5784121484375 0.9344946609375 0.6060307375 0.9439638921875 0.6375948359375 0.9479094031249999 0.6612679140625 0.9479094031249999 0.6809954765625 0.9479094031249999 0.699934034375 0.9479094031249999 0.7165050890625 0.9431747890625 0.7275526218749999 0.93686196875 0.7322871390625 0.9329164562500001 0.7299198312499999 0.8832029968749999 0.7133486796875 0.8784684296874999 0.699934034375 0.87057740625 0.6841518875 0.87057740625 0.669948040625 0.8626863796875 0.646274965625 0.8603190234375001 0.634438428125 0.8658427421875 0.633649325 0.857951715625 0.633649325 0.8421696656250001 0.6186563781250001 0.8421696656250001 0.5949833 0.8382241531249999 0.5713102265625001 0.8271767671875001 0.5571063796875 0.8200747953124999 0.5531608671875 0.8208638984375 0.5523717640625 0.8419723921875001 0.54526984375 0.8808356906249999 0.539746125 0.8934613296875 0.5413243296875 0.9123997906250001 0.5578954828125 0.9250254296874999
0 0.333533653125 0.823692909375 0.286959134375 0.8312049281249999 0.235877403125 0.8447265625 0.22235576875000002 0.8657603078125 0.23888230312499997 0.8777794468750001 0.274939903125 0.8928034859375 0.32001201875 0.89130108125 0.3680889421875 0.882286659375 0.3876201921875 0.8672626203125 0.3951322109375 0.8447265625 0.389122596875 0.8116736781249999 0.3876201921875 0.798152134375 0.3680889421875 0.7962740390625 0.3665865390625 0.8221905046875 0.3665865390625 0.83270733125 0.3560697109375 0.8251953125 0.333533653125 0.823692909375
0 0.6801990703125 0.8556712734374999 0.6888750765625 0.856538875 0.7010214343750001 0.8591416781250001 0.710565096875 0.8678176843750001 0.720976253125 0.8669500843750001 0.7227114546875 0.856538875 0.720976253125 0.8409220625 0.7096974421875 0.8400545140625001 0.6932130812499999 0.846127665625 0.6775962140625 0.846127665625 0.660244196875 0.845260065625 0.647230184375 0.8459107671874999 0.6489653875 0.8548036734375 0.65503859375 0.8522008718749999 0.6671850578125 0.8522008718749999 0.6801990703125 0.8556712734374999
0 0.7964575218750001 0.8148940390625 0.8051335281249999 0.8070856296875 0.79385471875 0.7966744734375 0.779973159375 0.7888660140625 0.7634886921875 0.7810576078125 0.7617534906250001 0.7940716171875 0.7548126828124999 0.80882083125 0.7452690750000001 0.82335314375 0.7660914921875001 0.822702496875 0.7791055046875 0.8218348437499999 0.7964575218750001 0.8148940390625
0 0.783443509375 0.7801900078124999 0.777370303125 0.742015571875 0.766959146875 0.7428831734375 0.764356290625 0.7732492 0.774767503125 0.776719603125 0.783443509375 0.7801900078124999
0 0.2295238578125 0.8391298515625 0.2568786828125 0.8267346796874999 0.23037869687499998 0.8266278265624999 0.2295238578125 0.8391298515625
0 0.196185196875 0.8083556749999999 0.2102900171875 0.8130572812500001 0.219265809375 0.8126298625 0.22524967031249998 0.7780089453125 0.217983553125 0.7753375796875 0.2038787359375 0.7818557140625 0.192338428125 0.7929686015625 0.187209403125 0.8015169765625 0.196185196875 0.8083556749999999
0 0.2641447765625 0.8147669562500001 0.29705601875 0.81049276875 0.3248382359375 0.8053637453125001 0.3244108171875 0.7963879765625 0.2996205578125 0.7963879765625 0.2675641515625 0.7968153703125 0.2487577015625 0.7942508828125 0.239781934375 0.7938234375000001 0.23166095156250002 0.79596053125 0.23037869687499998 0.8070734453125 0.224822278125 0.8160492109374999 0.24106416406250003 0.8147669562500001 0.2641447765625 0.8147669562500001
0 0.750512990625 0.899023996875 0.7446846328125 0.8948768984375001 0.74737464375 0.925027434375 0.7523063296875 0.9174057375 0.754996340625 0.90709403125 0.750512990625 0.899023996875
0 0.3541847453125 0.7909752359375 0.3389413515625 0.7932169109375 0.3434247015625 0.79444983125 0.340734690625 0.809805309375 0.326836303125 0.815633665625 0.354633134375 0.8147369953125001 0.3541847453125 0.7909752359375
0 0.195922446875 0.7558930125 0.1909907625 0.7784218515625 0.2169942265625 0.7645234609375 0.21564919218749998 0.7573501015625 0.195922446875 0.7558930125
0 0.3851198671875 0.78918189375 0.3828781921875 0.786828134375 0.366738128125 0.7909752359375 0.366738128125 0.7954585859375001 0.386016590625 0.7959069203125 0.3851198671875 0.78918189375