0 0.0948420453125 1 0.184375 0.97600971875 0.184375 0.973711959375 0.128484171875 0.8646040765624999 0.0144658359375 0.993370915625 0.015460137500000002 1 0.0948420453125 1
0 0.8576221125 0.9910861453124999 0.9174940906250001 0.9984375 0.9946703421875001 0.9984375 0.9984375 0.9677564609375 0.9984375 0.94656248125 0.8990521906250001 0.8941625203125 0.8576221125 0.9910861453124999
0 0.5220369609375 0.88722800625 0.5061293250000001 0.8881041218749999 0.5061931140625 0.9035672031249999 0.5033849984375001 0.915672196875 0.490758678125 0.9157456046875 0.48719063125 0.889696590625 0.48980914843749995 0.8872116609375 0.4753694796875 0.8871859140625 0.4772786328125 0.900167240625 0.48139129531249997 0.9147604656249999 0.491695453125 0.9411869421875 0.5003525765625 0.966468471875 0.5058055312499999 0.9984375 0.5201523296875 0.9984375 0.51641376875 0.9614539296875 0.52476736875 0.9596918406249999 0.5266639953125 0.9489556531250001 0.5421875 0.9315384609375 0.5421875 0.9293331671875 0.52414130625 0.8906532625000001 0.5220369609375 0.88722800625
0 0.4654121421875 0.8967239421875 0.45715534843750005 0.9074938093749999 0.4644414 0.9125 0.465625 0.9125 0.465625 0.8966179296875 0.4654121421875 0.8967239421875
0 0.4210430921875 0.8875 0.423621315625 0.8875 0.4265625 0.88248478125 0.4265625 0.88126950625 0.41157738750000006 0.876005390625 0.4210430921875 0.8875
0 0.5601126265625 0.8862908828125 0.5498661015625 0.8887314156249999 0.5412737265625001 0.8915424109375 0.562101 0.928125 0.56363535 0.928125 0.584375 0.9082371484375 0.584375 0.9080270875 0.569643121875 0.882952271875 0.5601126265625 0.8862908828125
0 0.6051355296875001 0.8777007906250001 0.5964307046874999 0.8765168921875001 0.59375 0.8779249265625 0.59375 0.8984375 0.5980233796875 0.8984375 0.618687446875 0.8957296671874999 0.61739825 0.8935083734375 0.621875 0.8818402328125 0.621875 0.8797992328124999 0.613876015625 0.8794578296875001 0.6051355296875001 0.8777007906250001
0 0.6259193562500001 0.8726728015624999 0.628293009375 0.884375 0.6307391265625 0.884375 0.64375 0.8751976953125 0.64375 0.866869765625 0.6434436453125 0.8649558578125 0.6259193562500001 0.8726728015624999
0 0.7119606109375 0.9092406453124999 0.6976782046875 0.91274751875 0.69607225625 0.9158610234375001 0.709332984375 0.921875 0.7121479421875 0.921875 0.7149639343749999 0.9092406453124999 0.7119606109375 0.9092406453124999
0 0.30164178750000004 0.8796875 0.3034805015625 0.8796875 0.3375 0.865782409375 0.3375 0.8648890203124999 0.296026265625 0.8555457343749999 0.30164178750000004 0.8796875
0 0.47091938750000006 0.9984375 0.47888818750000006 0.9984375 0.48125 0.9886769234375 0.48125 0.9863731906250001 0.46642660156250004 0.9965459125 0.47091938750000006 0.9984375