0 0.172769740625 1 0.1465457625 0.8779248031250001 0.003085196875 0.9727939015624999 0 1 0.172769740625 1
0 1 0.9396282812500001 0.8923866484375 0.8987497734375 0.863077403125 1 1 1 1 0.9396282812500001
0 0.514944128125 1 0.51443046875 0.9618925171875 0.5229058578125 0.9608651968749999 0.5257309875 0.9503351656250001 0.5434522578125 0.933641215625 0.5282992859375 0.8920347671875 0.5265014781249999 0.8884391390624999 0.5105780171875 0.8879254781249999 0.5092938671875 0.903335278125 0.50544141875 0.915149465625 0.492856746875 0.9141221375 0.4915725984375 0.8878612718750001 0.49439772812499994 0.8856140171875 0.48001525 0.8843298671875001 0.480785740625 0.8974281906250001 0.48361087031250005 0.9123243265625 0.4915725984375 0.9395483078125 0.4979933484375 0.9654881515625 0.500818478125 1 0.514944128125 1
0 0.46332129999999994 0.8966576999999999 0.45664373593749996 0.9084718781250001 0.466403259375 0.9133362375 0.46409179062500006 0.89612864375 0.46332129999999994 0.8966576999999999
0 0.4109279828125 0.8776368703124999 0.42479680000000003 0.8879100703124999 0.4273651015625 0.8791778578124999 0.4109279828125 0.8776368703124999
0 0.5745286843749999 0.883543959375 0.564512315625 0.8848281109375 0.5539822859375 0.8850849406249999 0.5449932359375 0.8860480531249999 0.5580915656250001 0.9272050578125001 0.583774565625 0.9112815984375 0.5745286843749999 0.883543959375
0 0.6179329546875 0.8742980796875001 0.60971439375 0.8773800406250001 0.6009822046875 0.8791778578124999 0.592506784375 0.8814893203124999 0.590195315625 0.88431445 0.5986707046874999 0.9033198671875 0.620501253125 0.8904783703125 0.6184466125 0.8889373890625001 0.6179329546875 0.8742980796875001
0 0.6261515125 0.8719224015625 0.6274356640625001 0.88534176875 0.6449001015625 0.8755822312499999 0.6443864421875001 0.86607951875 0.6261515125 0.8719224015625
0 0.7162988390625 0.9107833484375 0.698320740625 0.9107191421874999 0.69600926875 0.9133516484375 0.709621290625 0.9241385234375 0.7162988390625 0.9107833484375
0 0.3040992984375 0.8829574109375 0.33763112031250003 0.8609882624999999 0.293692825 0.85968745625 0.3040992984375 0.8829574109375
0 0.46944600937500003 1 0.482164990625 0.9997407781250001 0.4792743125 0.9839865859374999 0.46944600937500003 1