0 0.1556881046875 1 0.1578125 0.9351436203124999 0.1578125 0.8947695078125 0 0.9505803343749999 0 0.9804280234375 0.07849890781249999 1 0.1556881046875 1
0 1 0.9400983703125 0.99942350625 0.9335090156250001 0.8886568578125 0.902165184375 0.86969163125 0.9984375 0.9499753406250001 0.9984375 1 0.994060909375 1 0.9400983703125
0 0.5232178015625 1 0.5353122953125 0.995357359375 0.5211762515625 0.9599650390625 0.52872055 0.9559686453125 0.5275844109375 0.945125578125 0.5375 0.924531534375 0.5375 0.922446784375 0.5090891296875 0.8897770703125 0.5061221734375 0.8870645390625 0.4910722625 0.8922914531249999 0.49539578281249996 0.9071379390625 0.49603303906249996 0.9195480281249999 0.48391607499999995 0.923098878125 0.47330616562500005 0.8990424453125 0.47513830781250005 0.8959320156249999 0.461250909375 0.899887378125 0.46666424375000004 0.911839596875 0.4746400265625 0.9247339015625 0.49182914375 0.94729645 0.5071194375 0.9692123890625 0.5219231359375 1 0.5232178015625 1
0 0.46515991406249996 0.8964523953124999 0.4572840125 0.907503859375 0.465128603125 0.9125 0.465625 0.9125 0.465625 0.8962001328125 0.46515991406249996 0.8964523953124999
0 0.422883625 0.8875 0.4243493140625 0.8875 0.4265625 0.8821276296875 0.4265625 0.879888721875 0.4112283578125 0.876809109375 0.422883625 0.8875
0 0.5626430015625 0.8852487203124999 0.5521408437499999 0.8860562968749999 0.543379440625 0.8874620765625 0.543379440625 0.8879260562500001 0.5573543734374999 0.925 0.5626268296875 0.925 0.5828125 0.9109711624999999 0.5828125 0.9095095453125 0.5725784359375 0.883442109375 0.5626430015625 0.8852487203124999
0 0.6052041078125 0.878080190625 0.5964632671875 0.8772008078125 0.593292890625 0.8790099375 0.5943944140624999 0.8997903296875001 0.6193769687499999 0.8956251296875 0.618011034375 0.8934501812500001 0.621875 0.8822223359375 0.621875 0.8795921359375001 0.6140005890625 0.8795311203124999 0.6052041078125 0.878080190625
0 0.6242404406250001 0.88125 0.6304181468750001 0.88125 0.6436511953124999 0.8788696 0.6453125 0.873039840625 0.6453125 0.8696969921875001 0.6271155796875 0.8693052187499999 0.6242404406250001 0.88125
0 0.6959416765625 0.9150740015625001 0.7101996859375 0.9234375 0.7110648640624999 0.9234375 0.7140625 0.914512128125 0.7140625 0.9099278703125 0.6978642796875001 0.9121454203124999 0.6959416765625 0.9150740015625001
0 0.3096813328125 0.8859375 0.31072290625 0.8859375 0.33125 0.854046903125 0.33125 0.8531450968750001 0.29137001093750003 0.8695045171875 0.3096813328125 0.8859375
0 0.47966520937499996 0.9835010671875001 0.4714569 0.996875 0.48125 0.996875 0.48125 0.9921381765625 0.47966520937499996 0.9835010671875001