0 0.18754695625 0.7788903609375 0.184694534375 0.7596364906249999 0.0014262109375 0.8173981015624999 0 0.9997750390625001 0.18757033437499998 0.9998739875 0.21321878437500003 0.8616106921875 0.211079465625 0.853053415625 0.206087721875 0.8352257578125 0.206087721875 0.8209636328125001 0.1768503625 0.930068896875 0.17185862031250002 0.9307820453125 0.204661553125 0.8002835484374999 0.18754695625 0.7788903609375
0 0.42262950312500003 0.8925389640624999 0.42170471093749995 0.8768174999999999 0.43511418281249997 0.867569590625 0.4485236515625 0.8597088671875 0.45592198125000005 0.852772934375 0.45638440312500006 0.8042214031249999 0.445749278125 0.80144703125 0.42817825000000004 0.811504134375 0.42401671875 0.8569344921875001 0.4203175265625 0.880979075 0.41708075781250004 0.895313321875 0.42262950312500003 0.8925389640624999
0 0.47488022656249995 1 0.49892476406249997 0.9776197234374999 0.500311978125 0.9716086109375001 0.4822785265625 0.9692966328124999 0.47303061562500004 0.9632854640625 0.4651698921875 0.959123903125 0.46424510156250004 0.9887172156249999 0.45730916875 0.9882548218749999 0.456846771875 0.9466392234375001 0.446211675 0.935888528125 0.4365013703125 1 0.47488022656249995 1
0 0.49846236718750003 1 0.499387159375 0.969759 0.47303061562500004 1 0.49846236718750003 1
0 0.2584984875 0.81195798125 0.2565222 0.7969381906249999 0.2430834640625 0.8052386015625 0.241107175 0.8131437531250001 0.2584984875 0.81195798125
0 0.282609228125 0.804448096875 0.28379497656249997 0.7890330390625 0.27747085312499997 0.788242521875 0.2667989234375 0.7921950984375 0.268379928125 0.7944678296875 0.2679846703125 0.8099816921875 0.27351827812499996 0.8084006734375 0.280632940625 0.8056338578125001 0.282609228125 0.804448096875
0 0.3003958203125 0.8001002500000001 0.3011863125 0.7977287046875 0.30197682656249997 0.7831041734374999 0.29209538749999997 0.78547571875 0.2905143796875 0.788242521875 0.2901190984375 0.8028670546875001 0.294862190625 0.8028670546875001 0.3003958203125 0.8001002500000001
0 0.5205892421875 0.798487378125 0.5142598921875 0.787411009375 0.492107159375 0.7959160765625 0.49368954374999996 0.8317164781249999 0.5071393703125 0.8277606328125 0.512677553125 0.8127284453125 0.5205892421875 0.798487378125
0 0.47786611562500003 0.8046189375000001 0.48340429843750005 0.8372546609375 0.48736014375 0.8364635171874999 0.4881513125 0.8024432234375001 0.47786611562500003 0.8046189375000001
0 0.46441624062500003 0.8069924453124999 0.46283390156250004 0.8499133656250001 0.4747014375 0.8435840140625 0.47944845156250004 0.8412105078125001 0.46441624062500003 0.8069924453124999
0 0.5182157359375 1 0.51900690625 0.970171065625 0.509512925 0.9717534499999999 0.509512925 1 0.5182157359375 1
0 1 0.6748197109375 0.8923076921875 0.6560697109375 0.89663464375 0.688040865625 0.8947115390624999 0.6892427890625 0.8860576921875 0.651983175 0.88389423125 0.652944715625 0.8884828578124999 0.6995912453125 0.8853181828125001 0.7027559203125 0.8797799968750001 0.6679444812499999 0.874241815625 0.6679444812499999 0.8813623359375 0.7138323125 0.8758241531250001 0.7162057953125001 0.8694948 0.677438509375 0.8631655453124999 0.676647340625 0.8687036328125 0.7288645 0.8647477859375 0.7344026828125 0.8544625890624999 0.6877237093749999 0.8505067421874999 0.6877237093749999 0.860000771875 0.7518084015625 0.851298009375 0.7581377546875 0.8362657 0.708294103125 0.8307275171875 0.708294103125 0.8402215453125 0.7771258359375001 0.83230985625 0.7826639953125001 0.8212334875 0.732029175 0.810948290625 0.7256998484375 0.8188599812499999 0.8087725984375 0.812530628125 0.8095637453125001 0.79987201875 0.724908653125 0.7895867265625001 0.719370471875 0.7895867265625001 0.724908653125 0.7864220484375 0.7256998484375 0.783257371875 0.72807333125 0.7864220484375 0.8024432234375001 0.6171118703125 0.732029175 0.605244334375 0.8783954515625 0.605244334375 0.8902629875000001 0.594959134375 0.9037128624999999 0.5854651078125 0.9203274609375001 0.6068266703125 0.9994443671875001 0.61869420625 1 1 1 1 0.6748197109375
0 0.57664554375 0.6762161203125 0.57664554375 0.643415028125 0.5434942625 0.652870146875 0.5434942625 0.6668777312499999 0.57664554375 0.6762161203125
0 0.5950836484375001 1 0.5789153390624999 0.9333830890625 0.577567978125 0.9378742859375 0.567687346875 0.9432637234374999 0.56139966875 0.9531443578125 0.5470278359375 0.962126753125 0.5362489640625 0.9670670703124999 0.5290630484375 0.9715582671874999 0.52861395625 0.9814389015625 0.5241227578125 0.983235409375 0.525020971875 1 0.5950836484375001 1