0 0 0.8757533625 0.0140907828125 0.9984375 0.1235588375 0.9984375 0.20179079375 0.9888737125 0.209375 0.8651975140625 0.209375 0.845855253125 0.2072317671875 0.8402824765625001 0.2001045859375 0.82319604375 0.19836646875 0.8090402265625001 0.1826436265625 0.920895375 0.177776003125 0.922211546875 0.19443066250000002 0.7886880953125 0.1748364625 0.7695401140625 0.16965884375 0.75077738125 0 0.8280723171875 0 0.8757533625
0 0.436719171875 0.8106368500000001 0.42244469375 0.853966690625 0.4134314578125 0.876562875 0.4078125 0.8882255125 0.4078125 0.8890625 0.4101165078125 0.8890625 0.41308376874999997 0.8883465656249999 0.4157192390625 0.872820009375 0.4308653546875 0.8668255984375 0.44569941718750006 0.86218281875 0.4544683734375 0.8570889156250001 0.465625 0.8107809328125001 0.465625 0.809772934375 0.4561022125 0.8047901312500001 0.436719171875 0.8106368500000001
0 0.4733046609375 0.96322425 0.4654439375 0.9590626890625 0.464519146875 0.9886560015624999 0.45758321406249997 0.9881936078125 0.4571208171875 0.946578009375 0.4464857203125 0.9358273140625 0.43723945468750003 0.996875 0.47844589062500004 0.996875 0.4984375 0.9782671234375 0.4984375 0.9712719468750001 0.482552571875 0.96923541875 0.4733046609375 0.96322425
0 0.4885619484375 1 0.5015625 0.99500955625 0.5015625 0.9923802890625 0.4923980453125 0.9661349640625 0.48002277343750005 1 0.4885619484375 1
0 0.24387117656249999 0.8071706437499999 0.243626140625 0.8140625 0.2479747234375 0.8140625 0.25625 0.8117051484375001 0.25625 0.798967740625 0.25529049062500003 0.7962575468749999 0.24387117656249999 0.8071706437499999
0 0.2688876140625 0.789975875 0.2696425546875 0.792639509375 0.2645647765625 0.80625 0.2800458265625 0.80625 0.2859375 0.7926342375 0.2859375 0.7924951046875 0.2802649546875 0.7897130812500001 0.2688876140625 0.789975875
0 0.2897911078125 0.7887636453125 0.2906573484375 0.803125 0.2934377703125 0.803125 0.2953969875 0.802953590625 0.3 0.8001256765625 0.3 0.7829007640625 0.291124959375 0.7858695765625 0.2897911078125 0.7887636453125
0 0.49587139531249996 0.7941400234375 0.4902030609375 0.828125 0.5041364749999999 0.828125 0.5124967890625001 0.8148618265625001 0.521875 0.8040941531250001 0.521875 0.7984473421875 0.5193083406250001 0.7904266234375 0.49587139531249996 0.7941400234375
0 0.48077661718750003 0.801320615625 0.47243144531250003 0.8067284812500001 0.4888018578125 0.834375 0.49062065 0.834375 0.490625 0.8343722484375 0.490625 0.827230590625 0.48136431875 0.801320615625 0.48077661718750003 0.801320615625
0 0.4699837140625 0.85 0.471815134375 0.85 0.47973228125 0.841780771875 0.4828125 0.83874696875 0.4828125 0.8372701812500001 0.4586430609375 0.8101584234375 0.4699837140625 0.85
0 0.5081815140625 0.9984375 0.5170078359375 0.9984375 0.5203125 0.9763764015625 0.5203125 0.9711144421875 0.511489771875 0.9714938890625 0.5081815140625 0.9984375
0 0.9825951156249999 1 0.9984375 0.849269771875 0.9984375 0.6931543578125 0.909227178125 0.6677815140625001 0.9101885296875001 0.700029815625 0.908150325 0.7010241359375 0.903438575 0.6630640609375 0.9011864578125 0.663794190625 0.9008740578125 0.710664828125 0.8973959203125 0.71348136875 0.8955268593750001 0.67828173125 0.8900190171875 0.677702834375 0.8923039453125 0.724083584375 0.8865480046875 0.7258651671874999 0.884305609375 0.6866486546874999 0.8780937265625001 0.6852002328125 0.878143296875 0.737710228125 0.873630221875 0.742804575 0.86828065 0.6953062171875 0.8643464734374999 0.69489271875 0.8670898203125 0.7596187453125001 0.8577731343749999 0.7650037390625 0.8480332546874999 0.71386183125 0.8425254093750001 0.713282934375 0.8447725531250001 0.7827299953125 0.8363253109375 0.78741081875 0.8306023984375001 0.7358955859375 0.821035140625 0.7285258359375 0.8202200234375001 0.8119705015625 0.8138426453125 0.8120957171875001 0.8101022484374999 0.7265811890625 0.800452196875 0.7199982406250001 0.7998733 0.725506084375 0.7966432546875 0.7259621453125 0.79324781875 0.727991828125 0.7886213890625 0.8022851125000001 0.62759898125 0.7145590671875001 0.600497015625 0.8588830390625001 0.5992565203125 0.8706855625 0.5876217687499999 0.8829866624999999 0.576443053125 0.8985178484375 0.5894176250000001 0.979434234375 0.6011620703125 0.98122731875 0.7797721984375 1 0.9825951156249999 1
0 0.5417335921875 0.6597416296875 0.5471357171875 0.671875 0.551994875 0.671875 0.578125 0.66807793125 0.578125 0.65997255 0.568173053125 0.637620109375 0.5417335921875 0.6597416296875
0 0.5652776578125 1 0.6 0.9919837171875001 0.6 0.988358471875 0.5708904859375 0.9303349671875001 0.57058795625 0.935014146875 0.5621729234374999 0.942488109375 0.5582690578125 0.9535299265624999 0.546286175 0.9655150625 0.5368948921875 0.9727534765625 0.530903453125 0.97874604375 0.5326885296875 0.9884744624999999 0.528716565625 0.9912352265625 0.531240896875 1 0.5652776578125 1