0 0.18812374375000002 1 0.2125 0.8685947281249999 0.2125 0.8567824203125 0.21161855312500003 0.8532566328125 0.20662680937500003 0.8354289749999999 0.20662680937500003 0.82116685 0.17738945 0.9302721140625 0.1723977078125 0.9309852624999999 0.20520064062499999 0.8004867656249999 0.18808604375 0.779093578125 0.185233621875 0.7598397078125 0.0019652984375 0.8176013187500001 0.0005390875 0.99997825625 0.0417573484375 1 0.18812374375000002 1
0 0.437424575 0.8106442234375001 0.42239606093750004 0.8537183390624999 0.4129898390625 0.8761537796875001 0.40649055 0.8890625 0.40735367499999997 0.8890625 0.41243654999999996 0.8879296078125 0.41534259531249995 0.8724514109375001 0.4305910203125 0.8667222499999999 0.44550385156249994 0.8623390671875001 0.4543603734375 0.8573989796875001 0.465625 0.8139847453125 0.465625 0.809894159375 0.4569067015625 0.805136675 0.437424575 0.8106442234375001
0 0.47385660781250005 0.963125890625 0.46606971093749994 0.9588277749999999 0.4646285875 0.988400440625 0.45770177968750003 0.9878170687500001 0.45796574687499997 0.9461997390624999 0.4475198953125 0.9352650734375001 0.43708548125 0.996875 0.478394459375 0.996875 0.49949664531250004 0.9779098828125001 0.5 0.975890275 0.5 0.9717795796875001 0.4829982015625 0.9692975421875 0.47385660781250005 0.963125890625
0 0.486372634375 1 0.5 0.9971034140624999 0.5 0.9931537265625 0.49530529218749997 0.9671875 0.49530330781250004 0.9671875 0.47705976874999995 1 0.486372634375 1
0 0.2436360703125 0.80584425625 0.2420950328125 0.8125 0.25625 0.8125 0.25625 0.7977457953125 0.2436360703125 0.80584425625
0 0.26570613125000003 0.79370974375 0.267516040625 0.7958047640625 0.268469621875 0.8078125 0.2766293484375 0.8078125 0.2808690984375 0.8056288374999999 0.28125 0.8053421875 0.28125 0.7887682359375 0.2759064421875 0.7886633 0.26570613125000003 0.79370974375
0 0.291276628125 0.787133175 0.2890625 0.79902365 0.2890625 0.8015625 0.2954796625 0.8015625 0.2991814546875 0.8003907140625 0.30033320625000004 0.7981720265625001 0.3015625 0.7924349796875 0.3015625 0.7839958265625 0.2932709953125 0.7846477609375 0.291276628125 0.787133175
0 0.4883882796875 0.8018772796875 0.5018697734375 0.834375 0.5029371406250001 0.834375 0.5134054171875 0.8266600546875 0.5134682953125 0.8106402484374999 0.5140625 0.806911571875 0.5140625 0.79288435625 0.506296134375 0.78630845 0.4883882796875 0.8018772796875
0 0.478909909375 0.8036290718749999 0.4819414609375 0.834375 0.4859375 0.834375 0.4859375 0.8026483890625 0.478909909375 0.8036290718749999
0 0.4609375 0.810580421875 0.466858090625 0.8484375 0.47072170625 0.8484375 0.477735190625 0.8427433859375 0.48125 0.8400400328125001 0.48125 0.838508796875 0.4609375 0.8091915203125 0.4609375 0.810580421875
0 0.514102309375 0.96958380625 0.5055619796874999 0.97402254375 0.5134948828125 0.9984375 0.5203125 0.9984375 0.5203125 0.990575065625 0.514102309375 0.96958380625
0 0.9560507546875 1 0.9984375 0.8613592000000001 0.9984375 0.724001059375 0.9372933671875 0.693012259375 0.932083790625 0.7248515046875 0.9298933078125 0.7254386484374999 0.9325112499999999 0.6872769625 0.9301611937500001 0.687563953125 0.92091119375 0.7335138359375 0.9169595390625 0.73561496875 0.921841225 0.700705415625 0.9165450359375 0.6990862078125 0.9099381203125001 0.7450507984375 0.903947990625 0.7457013625 0.9092296578125 0.7067774984375 0.9034082765625 0.70417040625 0.89343755625 0.755725103125 0.888035353125 0.759864715625 0.89184718125 0.7122182921875 0.8880641859375 0.7110617140625 0.8784068203125001 0.7751219953125 0.8682338046875 0.77863034375 0.8684312078125 0.7265696015625001 0.8631350171875001 0.72495039375 0.8520897515625 0.7935502921875 0.8429045640625 0.79653330625 0.8471163687500001 0.7448725703125 0.8391311015625 0.7358127046875 0.8224089671874999 0.8175687249999999 0.81612486875 0.816474778125 0.8287701328124999 0.7318176921874999 0.8205534671875 0.7235143749999999 0.818934259375 0.7288105640625 0.8156765406250001 0.728641925 0.8119562046875 0.7299864359375 0.7932389484375 0.8020319796875001 0.6519138953125 0.685193184375 0.59777155625 0.82169421875 0.594301825 0.8330432 0.5805336765625 0.842898278125 0.5665968546875 0.8560111125000001 0.5638934734375 0.9379165031250001 0.575080003125 0.9419175890625 0.765059009375 1 0.9560507546875 1
0 0.5417614875 0.659466434375 0.5465246890625 0.671875 0.5540331375 0.671875 0.578125 0.6696536375 0.578125 0.6616903562500001 0.5693224640625 0.6387589640625 0.5417614875 0.659466434375
0 0.5684401390625 0.933942578125 0.5605669625 0.9419853390625 0.55744284375 0.9532725765625001 0.546325190625 0.9660644015625 0.5374617125000001 0.9739402875 0.5319028859375 0.9803361984375 0.534362234375 0.9899163984375001 0.530592528125 0.99294750625 0.53259798125 0.9984375 0.5699755578125 0.9984375 0.6015625 0.988780403125 0.6015625 0.9852080000000001 0.5684155265624999 0.9292536953124999 0.5684401390625 0.933942578125