0 1 0.846386503125 0.9692053250000001 0.8290395374999999 0.9713312265624999 0.7477577 0.8978006765625001 0.7471813390625 0.871669834375 0.7453109812500001 0.8528549218749999 0.7294259000000001 0.7383731 0.725306246875 0.7444287468749999 0.9050207515625001 0.7316797609375 0.9062124578124999 0.7258533734375 0.7943855984375 0.7203585343750001 0.785097109375 0.71973290625 0.8614552874999999 0.710506025 0.8634155953124999 0.7116571375 0.837979321875 0.7025044640625 0.8356981953125 0.7019419625000001 0.7868970109375 0.696981284375 0.7875175640625 0.6966728062499999 0.8051902125 0.6888969265625 0.805054484375 0.688510753125 0.78666256875 0.618551834375 0.7840271875 0.6154896796875 0.79740904375 0.6136017984375 0.9055656453125 0.61005493125 0.9062108546875001 0.6001952671875 0.9039173875 0.5979706515625 0.9908544750000001 0.6036629171875 0.9888324703125001 0.5964457875 0.99719195 0.5893890703125 0.996361653125 0.588588634375 0.9206857484375 0.5815195734375 0.9205623578125 0.5737682875 0.9190127734375 0.5597288812500001 0.9131107859375 0.5570493296875 0.9045785171875 0.5571357031249999 0.8996301750000001 0.5672544890625 0.8870786171875 0.5659764046875 0.8792779718749999 0.5568359859374999 0.8762899421875 0.5379346125 0.865353196875 0.525991246875 0.8609019968749999 0.519764825 0.85301498125 0.5142576453125 0.844433396875 0.5062965953125 0.85490125625 0.49410644687499994 0.8645881734374999 0.4791256953125 0.8721050187499999 0.466364371875 0.8740036328125 0.45991584375 0.8788409234375001 0.4576964125 0.884459153125 0.46822596718750004 0.8888856734375 0.47085616718749995 0.9002455250000001 0.46784345624999996 0.91079975625 0.455764359375 0.9141245203125001 0.44657458437499997 0.9139641125000001 0.44502504218750005 0.9217154421875 0.4351653765625 0.919421934375 0.43248063906249995 0.9922086078125 0.4232661859375 0.9934619671875 0.4213604125 0.9000887375 0.41358444843750003 0.8999530078125 0.4092582453125 0.783202440625 0.35274279218750004 0.7800945953125 0.34689011875000003 0.791306375 0.3412349140625 0.7912076640625 0.3414693578125 0.7777764734375 0.332242521875 0.7797367625 0.32936911874999997 0.8228210062500001 0.3223123984375 0.82199070625 0.3223335 0.7802709203125 0.319505875 0.7802215640625 0.31403053124999997 0.8508381187499999 0.3041338484375 0.8506653703125 0.30953520156250003 0.784290275 0.306111725 0.7778664046875 0.3017962109375 0.7820338046875001 0.2920953484375 0.8921753953125 0.2814547421875 0.8941110671875 0.291278996875 0.776900396875 0.297313178125 0.71477903125 0.2824558578125 0.7152268171875 0.280100653125 0.7286210109375 0.26296216562499997 0.7382215546875 0.23459955625 0.742676334375 0.204214984375 0.7414388484375001 0.183825721875 0.734718859375 0.18200114218750002 0.717716103125 0.17282375 0.7168487875 0.00039877968749999995 0.8319283515624999 0 0.8547742484375 0 0.9918368671875 0.467665609375 1 0.997617384375 1 1 0.863500046875 1 0.846386503125
0 0.45681178593749994 0.8546875 0.4652257671875 0.8546875 0.46973704375 0.8537676937500001 0.48085891875 0.846749271875 0.4932927421875 0.8412400671875 0.503125 0.8294547781249999 0.503125 0.8062757656249999 0.45736220625 0.7976206390625 0.45681178593749994 0.8546875
0 0.562712871875 0.798050975 0.561713003125 0.799782796875 0.5230184296875 0.8138107484375 0.5232145625 0.8254694875 0.5311548515625 0.8387129124999999 0.540228975 0.847992778125 0.5542175125 0.853759965625 0.5603294109375 0.8546875 0.5731135171874999 0.8546875 0.5765625 0.8542104515625001 0.5765625 0.84973849375 0.562895859375 0.798733896875 0.562712871875 0.798050975
0 0.620721565625 0.7554436453125 0.6224632406249999 0.764675359375 0.626460021875 0.771875 0.63342514375 0.771875 0.6859375 0.7572102484375 0.6859375 0.7509862375 0.682645365625 0.74342595 0.620721565625 0.7554436453125
0 0.399523496875 0.7576964921875 0.39655755625 0.7467443015625 0.35069240625 0.7438096203125 0.34757525624999996 0.7627618234375 0.39176321875000003 0.765625 0.403125 0.765625 0.403125 0.7637645125 0.399523496875 0.7576964921875
0 0.621979815625 0.729885865625 0.6579050515625 0.737806059375 0.68001250625 0.7421875 0.6808056031249999 0.7421875 0.68125 0.7393771890624999 0.68125 0.7371283234375 0.62099755 0.7244259015625001 0.621979815625 0.729885865625
0 0.6942561515625 0.7505111906249999 0.6903506640625 0.7513650968750001 0.6903506640625 0.7534883296875 0.6944676296875001 0.7640625 0.6984375 0.7640625 0.6984375 0.7629042218750001 0.6942561515625 0.7505111906249999
0 0.704372309375 0.7225366640625001 0.7211907921875 0.765625 0.7236755453125 0.765625 0.728125 0.7634220625 0.728125 0.756956828125 0.7124936078124999 0.7214218203125 0.704372309375 0.7225366640625001
0 0.690625 0.7313129046875 0.690625 0.73247653125 0.6906903062499999 0.7328125 0.696875 0.7328125 0.696875 0.7309882234375 0.696110775 0.730157353125 0.690625 0.7313129046875
0 0.6811982203125 0.7145891265625 0.62120825625 0.710989284375 0.6202916515625 0.716821596875 0.6202916515625 0.7179579484375 0.647494284375 0.71875 0.68125 0.71875 0.68125 0.7147622250000001 0.6811982203125 0.7145891265625
0 0.309440684375 0.7175755109375 0.30322548125000004 0.717914571875 0.30798811718749997 0.759375 0.3140625 0.759375 0.3140625 0.7549683890625001 0.309440684375 0.7175755109375
0 0.3343895078125 0.7458813328125 0.3341561359375 0.759375 0.3390625 0.759375 0.3390625 0.74645576875 0.3343895078125 0.7458813328125
0 0.356123425 0.721931246875 0.3514785640625 0.721931246875 0.35039506875000004 0.727505346875 0.39505161875 0.734375 0.3953125 0.734375 0.3953125 0.72947065 0.356123425 0.721931246875
0 0.301300940625 0.7826552609374999 0.29957569375 0.7984375 0.304327134375 0.7984375 0.3078125 0.79774356875 0.3078125 0.7777309625 0.3018009046875 0.7769406359375 0.301300940625 0.7826552609374999
0 0.3475538046875 0.7798181734375 0.34803073125 0.7870325296875 0.37587808906250003 0.7890625 0.4078125 0.7890625 0.4078125 0.7822837875 0.3475538046875 0.7798181734375
0 0.439806153125 0.8609375 0.443638809375 0.8609375 0.4484375 0.8216601796875 0.4484375 0.7986751546875 0.44607041875000003 0.7992501671875 0.439806153125 0.8609375
0 0.4431416578125 0.8811911828125 0.4377442421875 0.8685246328125 0.44809376875 0.9 0.44984305 0.9 0.44696834687500003 0.8929685203125001 0.45 0.890368259375 0.45 0.8887255156249999 0.4459128 0.8802907828125001 0.4431416578125 0.8811911828125
0 0.5874854296875001 0.8829581875000001 0.5878496515625 0.8017373250000001 0.583114803125 0.802374709375 0.58129370625 0.8574628484375 0.5860285546874999 0.863654575 0.5874854296875001 0.8734885125 0.5856643359375 0.88077289375 0.58129370625 0.8829581875000001 0.5820221437499999 0.8920636656250001 0.5863927734375001 0.8913352281250001 0.5874854296875001 0.8829581875000001