0 1 0.8372808265625 0.968608596875 0.8203125 0.9693156109375 0.739005940625 0.8957862000000001 0.7397129515625 0.869626696875 0.7382989249999999 0.850537415625 0.722744628125 0.7360011328125 0.7206235859375 0.7451923078125 0.900205034375 0.7324660625 0.901619059375 0.7246889140625 0.7899109156249999 0.7190328046875 0.780719740625 0.71973990625 0.85707720625 0.7105486421875 0.859198246875 0.71125565625 0.8337457578125 0.702064565625 0.8316247156250001 0.7006504515625 0.78284078125 0.6957013578125 0.783547815625 0.6957013578125 0.8012231562500001 0.68792429375 0.8012231562500001 0.6872171953125 0.78284078125 0.6172229375 0.781426753125 0.6143947953125 0.7948600124999999 0.6143947953125 0.9030330890625 0.610859728125 0.9037401015625001 0.6009615390625 0.901619059375 0.6002545234375 0.98858173125 0.605910634375 0.986460690625 0.5988404968750001 0.994944853125 0.5917703624999999 0.9942378390625001 0.589649321875 0.9185874296875 0.582579184375 0.9185874296875 0.5748020359375 0.9171733609375 0.5606617640625 0.91151729375 0.5578337109375 0.9030330890625 0.5578337109375 0.8980839921875001 0.5677319015625 0.88535775 0.566317871875 0.8775805984374999 0.5571266968749999 0.8747525453125 0.5380373296875 0.864147340625 0.5260180984375 0.8599052593750001 0.5196549781249999 0.8521281109375 0.5139988671875 0.8436439468750001 0.50622171875 0.8542491515625 0.49420248750000006 0.864147340625 0.4793552046875 0.8719244906249999 0.46662895937500004 0.87404553125 0.4602658359375 0.878994628125 0.4581447953125 0.8846507359375 0.46875 0.8888928171874999 0.4715780546875 0.900205034375 0.46875 0.9108102375 0.45673076874999996 0.9143453046875001 0.44753959375 0.9143453046875001 0.44612556562499994 0.922122496875 0.436227375 0.9200014140624999 0.4348133484375 0.99282385625 0.4256221734375 0.9942378390625001 0.422087103125 0.9009120906250001 0.4143099546875 0.9009120906250001 0.40794683125000003 0.7842548078125 0.351385746875 0.7821337671874999 0.34572963749999996 0.7934459828125 0.340073571875 0.7934459828125 0.340073571875 0.780012746875 0.330882353125 0.7821337671874999 0.3287613125 0.825261596875 0.321691175 0.8245545812499999 0.3209841640625 0.78284078125 0.31815610781250003 0.78284078125 0.3139140265625 0.8535421375000001 0.3040158359375 0.8535421375000001 0.3082579609375 0.787082884375 0.30472289375 0.780719740625 0.30048076875 0.784961821875 0.2927036203125 0.895255940625 0.28209841562500004 0.8973770218749999 0.289875565625 0.780012746875 0.2948246609375 0.71779553125 0.27997741875000004 0.7185025453125 0.277856334375 0.7319358031250001 0.260888009375 0.7418339921875 0.23260746562499998 0.7467830890625 0.20220592499999998 0.7460760750000001 0.1817024875 0.7397129515625 0.179581446875 0.722744628125 0.170390315625 0.7220376125 2.1875e-8 0.8401088796874999 0 1 1 1 1 0.8372808265625
0 0.494909503125 0.8401088796874999 0.504100678125 0.827382634375 0.504100678125 0.813242365625 0.504100678125 0.8047582234374999 0.4560237546875 0.79910209375 0.45955882499999995 0.85778421875 0.4722850671875 0.8542491515625 0.482890271875 0.8464720031249999 0.494909503125 0.8401088796874999
0 0.528846153125 0.8075862546874999 0.5260180984375 0.8188984953125 0.5302601796874999 0.8337457578125 0.5366233031250001 0.8450579765624999 0.548642534375 0.8542491515625 0.55995479375 0.859198246875 0.57126696875 0.8606122734375001 0.57126696875 0.8033441734375 0.57126696875 0.8026371609374999 0.5698529421874999 0.8040511875 0.528846153125 0.8075862546874999
0 0.6865101796874999 0.7658724765625 0.6843891390625 0.7517322046875 0.6214649328124999 0.7473133484375001 0.6207579187500001 0.7566812781250001 0.622878959375 0.7651654421874999 0.6193438921875 0.76657946875 0.6865101796874999 0.7658724765625
0 0.405118778125 0.7651654421874999 0.3994626703125 0.7566812781250001 0.3959276015625 0.745899321875 0.34997171875 0.745369059375 0.347850721875 0.764458428125 0.405118778125 0.7651654421874999
0 0.658872378125 0.736542103125 0.6821824015625 0.7358136656250001 0.6818181828125 0.7306235437499999 0.6199009328125 0.731807259375 0.622086246875 0.736906321875 0.658872378125 0.736542103125
0 0.697843821875 0.7510198124999999 0.6931089734375 0.7503824296875 0.6934731921874999 0.766772290625 0.697479603125 0.766408071875 0.697843821875 0.7510198124999999
0 0.720425409375 0.720789628125 0.7124125859375 0.7190595906249999 0.7135052453124999 0.766408071875 0.7233391609375001 0.765315425 0.720425409375 0.720789628125
0 0.697115384375 0.7321714734375 0.6963869468749999 0.7309877625000001 0.690559440625 0.7310788171875 0.690559440625 0.7358136656250001 0.697479603125 0.736177896875 0.697115384375 0.7321714734375
0 0.6209935890625 0.7124125859375 0.6202651515625 0.7194238046875 0.6829108390624999 0.7179669453125 0.6810897421875 0.7128678609375 0.6209935890625 0.7124125859375
0 0.31213578124999997 0.760580565625 0.31359265625 0.717875875 0.30740093281249997 0.717238490625 0.30557983593750004 0.759852128125 0.31213578124999997 0.760580565625
0 0.341273309375 0.7624016609375001 0.34054489375 0.7474686875 0.334353146875 0.74637601875 0.3332605125 0.7620374515624999 0.341273309375 0.7624016609375001
0 0.397363053125 0.7307145984375001 0.3984557109375 0.7258886953125 0.35110722656250004 0.72597975 0.35110722656250004 0.7325356921874999 0.397363053125 0.7307145984375001
0 0.309222028125 0.7776988625000001 0.3008449875 0.7773346437499999 0.3008449875 0.783071096875 0.300480790625 0.79991623125 0.309222028125 0.7973666953125 0.309222028125 0.7776988625000001
0 0.3478292765625 0.7802484093750001 0.3485576921875 0.7874417265625 0.40865384687499995 0.7897181171875001 0.40865384687499995 0.7806126156250001 0.3478292765625 0.7802484093750001
0 0.447625290625 0.797730915625 0.44252654375 0.799551896875 0.4427542578125 0.8642793843750001 0.446532634375 0.8625619406249999 0.447625290625 0.797730915625
0 0.442764034375 0.867058396875 0.4428904421875 0.9029902375000001 0.4447115390625 0.9029902375000001 0.4439831015625 0.893156321875 0.44835373125 0.8913352281250001 0.446896853125 0.88077289375 0.4439831015625 0.88077289375 0.442764034375 0.867058396875
0 0.5856643359375 0.88077289375 0.58129370625 0.8829581875000001 0.5820221437499999 0.8920636656250001 0.5863927734375001 0.8913352281250001 0.5874854296875001 0.8829581875000001 0.5878496515625 0.8017373250000001 0.583114803125 0.802374709375 0.58129370625 0.8574628484375 0.5860285546874999 0.863654575 0.5874854296875001 0.8734885125 0.5856643359375 0.88077289375