0 0.9837957875000001 1 0.9953125 0.927286334375 0.9953125 0.9148011781250001 0.96872591875 0.8944793328125 0.9821433765625001 0.8142843937500001 0.9094086328125 0.803480165625 0.8837923999999999 0.7979913 0.8673713671875 0.77964228125 0.7545770203125 0.75962993125 0.735562309375 0.9384382515624999 0.7227715421875 0.9378440421875001 0.7325651468750001 0.826294596875 0.728416490625 0.816331771875 0.717169946875 0.8918597640625 0.7077600390625001 0.8925168609374999 0.7124399953125 0.8674883359375001 0.703693865625 0.8639556031250001 0.7099286499999999 0.8155510640625 0.704929884375 0.8154751843750001 0.7021648515625001 0.8329329140624999 0.6944835359375 0.8317163125 0.6966607796875001 0.8134496421874999 0.6277494703125 0.8011035062499999 0.6228547234375 0.8139289609375 0.605932725 0.9207702484375 0.6023305796875 0.9209155499999999 0.5928860578124999 0.917272203125 0.579092915625 1 0.9837957875000001 1
0 0.5701335765625 1 0.578125 0.938418925 0.578125 0.932347565625 0.5719139249999999 0.9313638281250001 0.5644537328125 0.9287505546875 0.5513723578125 0.920952096875 0.54990634375 0.9121299421875 0.5506805531250001 0.9072417765624999 0.5624477031249999 0.8962206343749999 0.562267696875 0.888318028125 0.5536320859375 0.8840869765624999 0.536436759375 0.8706261046874999 0.5252291140625001 0.8645560281250001 0.5201609484375 0.85587921875 0.5159016875 0.8466146984374999 0.50656126875 0.8558727203125001 0.49314159843749994 0.863768825 0.4772604953125 0.8691275984375 0.4643591265625 0.8692317031250001 0.45730013593749996 0.87312445625 0.45432039843750005 0.8783791234375 0.464131425 0.8842279968750001 0.46515504375 0.8958433484375 0.4607027875 0.905875578125 0.4482785265625 0.9074869 0.4392005078125 0.906049084375 0.43658727031250005 0.9135093234375 0.42714275312499994 0.9098659359375001 0.4143541953125 0.9815706109375 0.40505498281249996 0.9815293687500001 0.41616280000000005 0.8887996078124999 0.4084813984375 0.88758299375 0.42044583593749996 0.77136654375 0.36491291718749996 0.7604235140625 0.357556821875 0.7707116468749999 0.35197039375 0.76982684375 0.354071815625 0.75655899375 0.3446619546875 0.7572160765625 0.3358203484375 0.7994811281249999 0.3289478578125 0.797676803125 0.33477502812500004 0.7563659687500001 0.3319817890625 0.7559235625 0.31673180625 0.8250908609375 0.3069554765625 0.8235424421875001 0.3215418921875 0.758565028125 0.3190457640625 0.7517272187499999 0.3141922578125 0.7552534578125 0.2892570578125 0.862973059375 0.2784506109375 0.86340900625 0.3044918296875 0.7487062953125 0.319112909375 0.6880292859375 0.304337859375 0.6864049750000001 0.300141465625 0.6993410359375 0.28183363125 0.70646293125 0.2531270578125 0.7069270453125001 0.2232104125 0.7014728859375 0.20395481875 0.691980659375 0.204514321875 0.674889440625 0.19554695 0.6727533203125 0.008784028125 0.7627160187500001 0 0.8181761406250001 0 0.9232089484375001 0.48483961249999996 1 0.5701335765625 1
0 0.448842696875 0.8472151796875 0.4581574234375 0.8484375 0.464045065625 0.8484375 0.47473944218749997 0.8459185515625001 0.4882894734375 0.8447575546874999 0.501722534375 0.8366342625 0.507247578125 0.8236180750000001 0.509375 0.818606184375 0.509375 0.8151307187500001 0.46851758125 0.7918167359375 0.448842696875 0.8472151796875
0 0.5559701718750001 0.7960647140625 0.5552862203125 0.7979438515624999 0.5196154328125 0.818477928125 0.5218331046875 0.8299254875000001 0.531952459375 0.8415888953125 0.5425001593750001 0.8491520765624999 0.5534585171875 0.8515625 0.5713105515625 0.8515625 0.578125 0.8493647828125 0.578125 0.8435758999999999 0.5562689671875 0.7967054859375 0.5559701718750001 0.7960647140625
0 0.622080475 0.7486859015625 0.6219333796875001 0.757429940625 0.6181527890625 0.75788084375 0.6787554640625 0.7734375 0.6833431859375 0.7734375 0.684375 0.7643379390625 0.684375 0.7602195359375 0.6251879953125 0.7398201656250001 0.622080475 0.7486859015625
0 0.398114028125 0.7619699 0.3972923578125 0.7506530031249999 0.35282984375000004 0.7390207578125 0.3461537125 0.757029975 0.3908045484375 0.76875 0.4 0.76875 0.4 0.7672400953125 0.398114028125 0.7619699
0 0.6194303125 0.72878736875 0.6211628984375 0.7340574890625 0.657840790625 0.7369007796875 0.6685248765625 0.7375 0.6796875 0.7375 0.6796875 0.7329003296875001 0.6194303125 0.72878736875
0 0.689867140625 0.7640625 0.69430550625 0.7640625 0.6984375 0.754934884375 0.6984375 0.751485653125 0.695559090625 0.7497788328125 0.689867140625 0.7640625
0 0.708286271875 0.7640625 0.7182570484374999 0.7640625 0.7234375 0.7283595328125 0.7234375 0.720809240625 0.7169879906250001 0.7179129296875 0.708286271875 0.7640625
0 0.690625 0.7339640015625 0.690625 0.7350921078125 0.6928258421875 0.7359375 0.696875 0.7359375 0.696875 0.732037175 0.6917622765625 0.730463825 0.690625 0.7339640015625
0 0.6211858718750001 0.7217641828125 0.621818865625 0.725 0.6336515859375 0.725 0.6796875 0.7097463671875001 0.6796875 0.7058363187500001 0.67878921875 0.7046291499999999 0.6211858718750001 0.7217641828125
0 0.303125 0.75349521875 0.303125 0.7578125 0.30899835625 0.7578125 0.315625 0.7200532765625 0.315625 0.718193534375 0.30989505781250004 0.7167779140625 0.303125 0.75349521875
0 0.33226680000000003 0.7469220187500001 0.33576363593749997 0.7609375 0.3404865890625 0.7609375 0.340625 0.76089938125 0.340625 0.75166215625 0.33849315468749996 0.7460478546875 0.33226680000000003 0.7469220187500001
0 0.35409799531249997 0.717279434375 0.35191255625 0.7221880140625 0.39421859375 0.7390625 0.39511606875 0.7390625 0.396875 0.7367076531250001 0.396875 0.7349328328125 0.3570187125 0.717279434375 0.35409799531249997 0.717279434375
0 0.300381990625 0.7777872953125 0.300782146875 0.7835097734375001 0.3015021640625 0.7984375 0.30674605312500003 0.7984375 0.309375 0.7974670953125 0.309375 0.786303525 0.3087640328125 0.7775662734375001 0.300381990625 0.7777872953125
0 0.3477527078125 0.7814115203124999 0.39902545625 0.7953125 0.40622034375 0.7953125 0.40625 0.7951840453125001 0.40625 0.7878978671875 0.34866110625 0.774238709375 0.3477527078125 0.7814115203124999
0 0.441436771875 0.8609375 0.445252084375 0.8609375 0.446875 0.8375265375 0.446875 0.7983729984375 0.444459653125 0.7990955171875 0.441436771875 0.8609375
0 0.445409278125 0.880446246875 0.4477813234375 0.8668835421875001 0.43861976093750005 0.9015625 0.44046386875000004 0.9015625 0.4422042109375 0.8924077203125 0.44689724999999997 0.8917798796874999 0.448223746875 0.88120038125 0.445409278125 0.880446246875
0 0.5874854296875001 0.8829581875000001 0.5878496515625 0.8017373250000001 0.583114803125 0.802374709375 0.58129370625 0.8574628484375 0.5860285546874999 0.863654575 0.5874854296875001 0.8734885125 0.5856643359375 0.88077289375 0.58129370625 0.8829581875000001 0.5820221437499999 0.8920636656250001 0.5863927734375001 0.8913352281250001 0.5874854296875001 0.8829581875000001