0 0.5963987671875 1 0.5900490390625001 0.916740746875 0.5864205359375 0.85959270625 0.47714078437499996 0.8627857546875 0.477167996875 0.9176478875 0.46809687968749997 0.9212763046875001 0.466708996875 0.862332184375 0.43405297656249997 0.8618786281249999 0.430878084375 0.8396543890625001 0.40321117500000003 0.8528075125000001 0.39779571874999997 0.9611892234375 0.3882711015625 0.961642778125 0.385549709375 0.8641282640625001 0.3746644234375 0.853242925 0.3746644234375 0.897237871875 0.3674074734375 0.89814495625 0.36468613906249997 0.85097514375 0.3288280125 0.8455506171874999 0.3293088359375 0.8718387156249999 0.3234125546875 0.8750136062499999 0.32159833125000004 0.8428111390625 0.3138878796875 0.8428111390625 0.3111666015625 0.9389649859375 0.3039096515625 0.9398720968750001 0.300734759375 0.8455415453124999 0.2966527578125 0.844180878125 0.2939314234375 0.7856721703125 0.2236302625 0.7847650578125 0.22090892499999998 0.882733128125 0.21410558906250002 0.8813724875 0.2131984765625 0.8491699921875 0.20775580468750002 0.8473557984375001 0.20004535625000003 0.7235350140625 0.1918813515625 0.7221743609375 0.1909742375 0.7276170171875 0.182356675 0.7267099203125 0.1828102328125 0.7194530125 0.1968704640625 0.7162781203125 0.1938101875 0.7035006015625 0.1712741296875 0.709510215625 0.169771634375 0.6494140625 0.11268028906250001 0.64791175 0.10967548125 0.6659405046875 0.057091346875000004 0.692983865625 0.021033745312499998 0.7110126203125 0.0030048078125 0.7080079031250001 0.0004535546875 1 0.5963987671875 1
0 0.45585664374999996 0.833916084375 0.4554196078125 0.847574315625 0.4632867140625 0.8480113625 0.465909090625 0.826595278125 0.45585664374999996 0.833916084375
0 0.479020978125 0.826158215625 0.4755244765625 0.8480113625 0.5865384609375 0.8493225531249999 0.5861013984375 0.8239729015625 0.58129370625 0.8244099640625 0.5804195796875 0.8069274468750001 0.4825174828125 0.8095498250000001 0.48120629375 0.818728146875 0.479020978125 0.826158215625
0 0.5895979015624999 0.9161931828125001 0.59440559375 0.9992351390625 1 0.9996722015625 0.99908216875 0.8733610140625 1 0.7348120703125 0.98684440625 0.725196678125 0.9772290218749999 0.7387456296875 0.9566871156250001 0.744427446875 0.9422639859374999 0.7413680140625 0.9291520984374999 0.7400568171875 0.91210664375 0.7361232531249999 0.9059877625 0.7308784968750001 0.8941870625 0.7269449296875 0.8871940546875001 0.7164554203125 0.8662150359374999 0.716446678125 0.86228146875 0.7133872375 0.8461101390625 0.7112019234375 0.8417395093750001 0.7129502015625 0.8395541953125001 0.7317438828125 0.833435315625 0.759278846875 0.828627621875 0.7619012234375 0.830375875 0.8475655859375 0.8146416609375 0.8462543703125001 0.820323425 0.7627753484375 0.8120192312500001 0.7614641609375 0.808522728125 0.817408215625 0.8015297734375 0.814785865625 0.8032779718749999 0.7627753484375 0.771809440625 0.7627753484375 0.767001746875 0.8139117140625001 0.7648164328125 0.845380271875 0.7608828671875 0.9030725531250001 0.759571678125 0.923177446875 0.7486451062499999 0.9227403843750001 0.75039335625 0.8296459781250001 0.6979458046875 0.8462543703125001 0.6940122375 0.8514991249999999 0.6905157328125 0.9498382859375001 0.6809003484375 0.9494012234375001 0.67434440625 0.8501879375 0.6184440546875 0.8286713296875 0.6180069921875 0.8598120625 0.597027971875 0.8611232531249999 0.597027971875 0.9148819921875001 0.5895979015624999 0.9161931828125001
0 0.827753496875 0.762229021875 0.8277535500000001 0.848002621875 0.83125 0.8462543703125001 0.832998253125 0.7597159234374999 0.827753496875 0.762229021875
0 0.820323425 0.763540209375 0.8133304203125 0.848002621875 0.8207604906249999 0.848439684375 0.820323425 0.763540209375
0 0.42176576250000003 0.71427010625 0.4208916078125 0.768902971875 0.4444930078125 0.7750218531249999 0.44405594531250003 0.713833040625 0.42176576250000003 0.71427010625
0 0.596588978125 0.7793185968749999 0.59484265625 0.7125218656250001 0.572115384375 0.71427010625 0.5699300703125 0.7710882859375 0.563374125 0.7702141609375001 0.561188809375 0.7147071796875 0.5043706296875 0.7173295453125 0.503059440625 0.769777125 0.49650349687500006 0.768028846875 0.49519230781249995 0.71558129375 0.45979020937500004 0.716346153125 0.45979020937500004 0.77764423125 0.48076923125000004 0.786822553125 0.4833916078125 0.7960009015625 0.58085664375 0.798186215625 0.58085664375 0.7850743265625 0.596588978125 0.7793185968749999
0 0.6079545453125 0.7128496515625 0.603583915625 0.713395978125 0.602709790625 0.775895978125 0.6114510484375 0.7728365390625 0.6079545453125 0.7128496515625
0 0.6394230765625 0.764095278125 0.6385489515625 0.7173295453125 0.6315559453125 0.7128496515625 0.6180069921875 0.7125218656250001 0.6175699296875 0.7702141609375001 0.633741259375 0.764095278125 0.6394230765625 0.764095278125
0 0.6494755234375 0.7619099640625 0.6621503484375 0.7601617140625 0.6735139859375 0.7619099640625 0.6722027984375 0.7041083921875 0.6477273265625 0.7203889859375 0.64510489375 0.762347028125 0.6494755234375 0.7619099640625
0 0.6944930078125 0.7112106640625 0.6944930078125 0.700721153125 0.688811190625 0.7002840906250001 0.684440559375 0.705091784375 0.6809440546875 0.7036713296875 0.6809440546875 0.761035865625 0.6840034968750001 0.75316870625 0.688374125 0.7387456296875 0.6944930078125 0.7112106640625
0 0.3926282546875 0.7109375234375 0.3966346640625 0.7694310890625 0.403044871875 0.7662259609375 0.40544871875000005 0.713341346875 0.3926282546875 0.7109375234375
0 0.25 0.7181490390625 0.25 0.71173878125 0.2371794875 0.7109375234375 0.2283654328125 0.7181490390625 0.25 0.7181490390625
0 0.272435946875 0.7029247046875 0.2740384609375 0.718950346875 0.284455178125 0.718950346875 0.282852565625 0.702123396875 0.272435946875 0.7029247046875