0 0 0.8473265546875 0.0334988203125 0.9984375 0.32356870937500004 0.9984375 0.6265625 0.928485871875 0.6265625 0.9225516046875001 0.6033766359375 0.8483894359375 0.58698561875 0.7935223312499999 0.4812249796875 0.8212161375000001 0.4935927890625 0.8746660374999999 0.48557038124999996 0.8802420156249999 0.470958528125 0.8231208343749999 0.4390374515625 0.8300249093750001 0.43094456562500005 0.8090844703125001 0.40694556562499995 0.8281241828124999 0.4260494875 0.9349462890625 0.41687101249999997 0.9375307906250001 0.3922833765625 0.8431277484375 0.3792284125 0.8349700562500001 0.389125121875 0.8778374156250001 0.3822582171875 0.880353709375 0.36899573124999996 0.8350050234375 0.3328363921875 0.83778585 0.339218428125 0.863292025 0.3341874625 0.8677119171875001 0.325175759375 0.8367429109375 0.3176629265625 0.8384773828125001 0.336641303125 0.9327789687499999 0.3297744046875 0.9352952875 0.3054611265625 0.8440966171875001 0.3011776640625 0.843689075 0.28536448124999997 0.7872921093749999 0.21666107812500002 0.802222565625 0.236047509375 0.8982918906249999 0.229112465625 0.8984965390624999 0.220984615625 0.867323446875 0.21527333437500001 0.8667800874999999 0.17990688906250002 0.7478672937499999 0.171646046875 0.748378015625 0.17198651250000002 0.7538852328125001 0.163385765625 0.7549399140624999 0.16219524999999999 0.747766971875 0.1751809234375 0.7415105890625 0.169324765625 0.72974896875 0.1487181734375 0.7406740671875001 0.13373549375 0.6824561625000001 0.07776944999999999 0.6938351125 0.07889724218750001 0.7120777265625 0.03374426875 0.7502568234375 0.0026664078125 0.7759346984375 0 0.7760995578125 0 0.8473265546875
0 0.45570892656249995 0.8352561421875 0.4595139078125 0.8483809453125 0.46713102500000003 0.8463655296875 0.46300711874999995 0.8251872640625001 0.45570892656249995 0.8352561421875
0 0.58053836875 0.8404551984375 0.58510941875 0.8235582171875 0.4911886328125 0.795798834375 0.4871053609375 0.8041227578125 0.482730984375 0.8105138734375 0.4726526203125 0.8302169734374999 0.5774014296875001 0.865625 0.57787213125 0.865625 0.585245815625 0.8415251859374999 0.58053836875 0.8404551984375
0 1 0.7565134421875 0.9919884328125 0.7649965609375 0.9708556843749999 0.767764203125 0.9569987093749999 0.7627272328125 0.9441969109375 0.7596039734375 0.9278647859375001 0.753336421875 0.9225353828125 0.7472911234375 0.9113969718750001 0.7417534984375 0.9059318781249999 0.7303928328125 0.88515824375 0.7274644609375 0.8816887484375 0.7238873484374999 0.8659789328124999 0.7194726874999999 0.8614075250000001 0.7205956765625 0.8566279046874999 0.738902321875 0.8467364453125 0.7653177343750001 0.8416105765624999 0.7672454890625 0.8314196421875 0.85231948125 0.8160210375 0.8488312468749999 0.8332655421874999 0.7669553859375 0.8252246453125001 0.7645012390625 0.8139762625 0.81941423125 0.8074163234375 0.8158441703125 0.8163859734375001 0.7645831171874999 0.7852236921875 0.7602035453125 0.7733459796875 0.8101731531249999 0.76680235625 0.8410313234375 0.7548778578124999 0.8976147015624999 0.75078136875 0.9173414531249999 0.7400219609375001 0.9153879593750001 0.754709434375 0.8234428515625 0.7004608578125 0.8325903234375 0.6958356421875 0.8372365890625 0.678687 0.9341321015625 0.66922601875 0.9323610890625 0.6765417 0.8332009296875 0.6241799 0.80411389375 0.6194131375 0.8348907406249999 0.5984558015625 0.8332694546875 0.59097403125 0.8865050171875 0.5834337875 0.8867693828125001 0.5766374843750001 0.9696722812499999 0.7797245 0.9984375 0.9819670890625 0.9984375 0.9948940671875001 0.9013432484375 1 0.8666803625 1 0.7565134421875
0 0.8175332687499999 0.7617344609375001 0.813464340625 0.7658898140625 0.8423718890625 0.8453125 0.84375 0.8453125 0.84375 0.838558034375 0.8175332687499999 0.7617344609375001
0 0.801821159375 0.8453125 0.8083708734374999 0.8453125 0.83125 0.77364449375 0.83125 0.771993871875 0.8007123265624999 0.8448787015624999 0.801821159375 0.8453125
0 0.41983138125 0.7673976734375 0.4368547875 0.7734375 0.44297932187500005 0.7734375 0.4453125 0.7443801375 0.4453125 0.7143939265625 0.42546377656249995 0.7130488890625 0.41983138125 0.7673976734375
0 0.5714542625 0.7136846921875 0.5702608953125 0.770532359375 0.56369069375 0.769772784375 0.5605369796875 0.7143123953125 0.5037732203124999 0.717925975 0.5033775671875 0.7703884515625 0.49679211093750003 0.7687548546875 0.4945657859375 0.716338175 0.459375 0.7177132453125 0.459375 0.728753209375 0.4602522265625 0.7790095109374999 0.48138823750000004 0.7878203015625 0.48414709531250005 0.796875 0.5816489453125 0.796875 0.5814298953125 0.7843255734375 0.596875 0.7783672828125 0.596875 0.774069046875 0.5941475625 0.711540075 0.5714542625 0.7136846921875
0 0.6000313875 0.775 0.6017052265625 0.775 0.6089615640625 0.773151728125 0.609375 0.7589211796875001 0.609375 0.7131377750000001 0.606304953125 0.713251690625 0.6000313875 0.775
0 0.6242253375 0.711638409375 0.61399604375 0.7671875 0.6200636890625 0.7671875 0.6307649375 0.7651605328125 0.636360434375 0.7661471703125 0.6421875 0.7290598765625 0.6421875 0.7186204671875001 0.637511534375 0.7143139671875 0.6242253375 0.711638409375
0 0.6365287656249999 0.7561818109375 0.6408205421875001 0.7571167375 0.65341525625 0.7593707890625 0.66272499375 0.7640625 0.6638272515625 0.7640625 0.678125 0.716407153125 0.678125 0.70977503125 0.6519885953125 0.71708771875 0.6365287656249999 0.7561818109375
0 0.68777456875 0.7045663953125 0.6844772375 0.7027304109375 0.678125 0.7544652359375 0.678125 0.7578125 0.67848293125 0.7578125 0.6814816625 0.75223169375 0.6875774421874999 0.7384487703125 0.696875 0.7122351765625 0.696875 0.7011692078125 0.6926985328125 0.7003271828125001 0.68777456875 0.7045663953125
0 0.38547029843749997 0.714384628125 0.40625025781249996 0.76875 0.40682505156250004 0.76875 0.4109375 0.7648385265625001 0.4109375 0.761644459375 0.398433378125 0.7129350750000001 0.38547029843749997 0.714384628125
0 0.228125 0.712831503125 0.228125 0.7128738453125 0.24483249062499998 0.7203125 0.24842447656250002 0.7203125 0.25 0.7167738171875 0.25 0.71556261875 0.23905130468750002 0.7098445625 0.228125 0.712831503125
0 0.27289240000000003 0.7183717875 0.2744093296875 0.71875 0.28332206875 0.71875 0.284375 0.7117543828125 0.284375 0.7039840703125 0.275214440625 0.7024344921875 0.27289240000000003 0.7183717875