0 0.5386629187499999 1 0.5484375 0.9721924515625 0.5484375 0.9686211484375 0.44770119062499997 0.929292328125 0.426289896875 0.97980381875 0.41652215468750003 0.9795994265625 0.4382759046875 0.9247987875 0.408393096875 0.9116215640625001 0.4141542953125 0.8899235140625 0.3835474359375 0.89122070625 0.336214375 0.988870609375 0.3272697 0.9855665437500001 0.3628666015625 0.894740628125 0.357099884375 0.8804674 0.3399096890625 0.9209649625 0.3328752046875 0.918964421875 0.3488009171875 0.8744810718749999 0.31791286875 0.8554768812500001 0.30808389062499997 0.8798630765625 0.3014158078125 0.8804817203124999 0.3123283125 0.8501303171875 0.30523080468749997 0.847117603125 0.265155553125 0.9345643984375 0.25812105937499996 0.9325638843749999 0.2920564375 0.844491621875 0.288830590625 0.8416441578124999 0.3091867625 0.786723296875 0.24482864062499998 0.75841944375 0.2040444609375 0.8475362171875 0.1983136015625 0.843625465625 0.21006111718749998 0.813628475 0.20575997343750002 0.8098318796875 0.247043103125 0.6928415343750001 0.240059746875 0.688399115625 0.23709812968750002 0.69305466875 0.2295200515625 0.6888525328124999 0.232773053125 0.6823497328125 0.24695609375 0.6849209984375 0.24913166874999998 0.6719634859375 0.22603897499999998 0.668689825 0.24813735937499998 0.612783953125 0.19617149843749998 0.5890937015625 0.1863611625 0.6045151859375 0.127390528125 0.608862471875 0.0871549359375 0.6113692015625001 0.0717332484375 0.6015588765625 0 0.7665293015625 0 0.8883185640625 0.2631049734375 1 0.5386629187499999 1
0 0.45558876406250004 0.8347644609374999 0.4580009828125 0.848215090625 0.4640625 0.8472745234374999 0.4640625 0.8273701015625001 0.463899459375 0.825513609375 0.45558876406250004 0.8347644609374999
0 0.48917977500000004 0.7992275671875 0.48416130781250005 0.8051264249999999 0.4720786203125 0.8236681109375 0.5701987984375 0.86875 0.5735007796875 0.86875 0.5828729874999999 0.846683571875 0.578303171875 0.8451273828125 0.584375 0.8294225624999999 0.584375 0.8287013625 0.494110765625 0.7913760609375 0.48917977500000004 0.7992275671875
0 1 0.777408740625 0.9979753421875 0.7792729578125 0.9767010109375001 0.7805597109375 0.9632291531250001 0.774568396875 0.950676403125 0.7705597390625 0.9348212671875 0.7631681828125 0.9299265437500001 0.7567658500000001 0.919201553125 0.7504647375 0.9145422515625 0.7387505203125 0.8940234921875 0.7343801859375 0.8908119749999999 0.7305697671875 0.8754483796875 0.7250699984375 0.8708097718750001 0.72587136875 0.8647647875000001 0.743800009375 0.853054778125 0.7694610828124999 0.8478069218750001 0.7710265781250001 0.8317063499999999 0.8551824515625001 0.8165885812499999 0.8506285609375001 0.8395024515625 0.7701550609375001 0.8316523359374999 0.7671459875 0.8166008140625 0.8211405671875 0.8103058921875 0.8171216046875 0.82282948125 0.7666111124999999 0.7920486140625 0.7600684375 0.7767141296875 0.8090877750000001 0.768033890625 0.8394143171874999 0.7521913828125 0.8950280484375 0.746728803125 0.9144209906249999 0.736131875 0.9117217171875 0.7571973359374999 0.8210251281250001 0.7024428109375 0.826366128125 0.6975047562500001 0.8306784390624999 0.6736387953125 0.9261416890625 0.664324403125 0.9237150265625 0.678539325 0.8253067312500001 0.6283340843749999 0.7926379765625 0.62143205 0.8230073390625 0.6006388609375 0.81992809375 0.5894617906249999 0.872512075 0.5819214734375 0.8722498140624999 0.5693587124999999 0.9544766796875 0.7823999953125 1 0.9740405593749999 1 0.9913628328125 0.9154901984375 1 0.8761391671875 1 0.777408740625
0 0.8172443812499999 0.8453125 0.820149240625 0.8453125 0.8208889812500001 0.8451476171875001 0.8421875 0.7665246921875 0.8421875 0.7625 0.8391502093750001 0.7625 0.8378239109375001 0.7627723 0.8172443812499999 0.8453125
0 0.8046875 0.84633663125 0.8066465140625001 0.846875 0.8120602765625 0.846875 0.828125 0.7693357453125 0.828125 0.7680337703125 0.8046875 0.8459920296875 0.8046875 0.84633663125
0 0.44172724687500003 0.71249405 0.41960485625 0.7152586796875 0.42444618125 0.769683634375 0.43904887031250006 0.771875 0.4453125 0.771875 0.4453125 0.7444108078125 0.44172724687500003 0.71249405
0 0.555007146875 0.7014146890624999 0.5733287953125 0.755242175 0.566895034375 0.75677555 0.5449629421875 0.705738465625 0.49285837343749994 0.7285484703125 0.5104298046875 0.7779823921875 0.5036827781250001 0.7786996734375 0.48366315625 0.730205553125 0.45088655 0.7436065875 0.47285381718749997 0.8008332734374999 0.49572863749999996 0.801883765625 0.5013624906249999 0.809375 0.5018503625 0.809375 0.5932406593749999 0.7766245390625001 0.5885417796875 0.7643835359375 0.6 0.7543895734375 0.6 0.7505556 0.5755983687499999 0.6916378390625 0.555007146875 0.7014146890624999
0 0.5924605296875 0.77140888125 0.5924605296875 0.771875 0.6015793703125001 0.771875 0.61875 0.7179557828124999 0.61875 0.7151813546875 0.6152929687500001 0.7143274265625 0.5924605296875 0.77140888125
0 0.628117015625 0.71266774375 0.6146543015625 0.7142287984375 0.62210354375 0.7703125 0.6242723031249999 0.7703125 0.637413075 0.763110515625 0.6421875 0.7624395125000001 0.6421875 0.7569825375 0.635665446875 0.7161308015625 0.628117015625 0.71266774375
0 0.6401914468750001 0.7583906453125 0.644565171875 0.7587955671875 0.6573407062500001 0.7594979078125 0.6613511484375 0.7609375 0.668579903125 0.7609375 0.6765625 0.7142398796875 0.6765625 0.7069517828125 0.6507716703125 0.7177038734375001 0.6401914468750001 0.7583906453125
0 0.6846590906250001 0.705520671875 0.68125 0.7041357296874999 0.68125 0.7609375 0.6813676281250001 0.7609375 0.684222028125 0.75359759375 0.68859265625 0.7391745171874999 0.69375 0.7159664765625 0.69375 0.7010760765625 0.689029721875 0.700712978125 0.6846590906250001 0.705520671875
0 0.394052740625 0.76875 0.39969967031250003 0.766962459375 0.4078125 0.7274488109374999 0.4078125 0.7142015515625 0.39865588750000003 0.7109375 0.3980414359375 0.7109375 0.39290036875 0.76875 0.394052740625 0.76875
0 0.23591835312499998 0.7115275125 0.231796959375 0.71875 0.2372263453125 0.71875 0.2484375 0.714446440625 0.2484375 0.7083662859375 0.24817447812500001 0.7076810906250001 0.23591835312499998 0.7115275125
0 0.281768453125 0.7020137937500001 0.27160543125 0.7044347546874999 0.2753637484375 0.71875 0.2828125 0.71875 0.2828125 0.70606819375 0.281768453125 0.7020137937500001