0 0.22797537656250003 1 0.2328125 0.960604796875 0.2328125 0.9524854515625 0.19474749062500002 0.9470521984375001 0.1879755796875 0.9641378125 0.183156315625 0.9970431203125001 0.1770169015625 0.9962892968749999 0.1837867484375 0.890397240625 0.1674151859375 0.9031881046875 0.15570360781249998 0.9858823328125 0.145821215625 0.9838899265625001 0.168207859375 0.8269432265625 0.14441745781249998 0.8240221328124999 0.1463962640625 0.8079060546875001 0.0135362515625 0.7923719 0 0.9026158171875001 0 0.98626858125 0.11518296718750001 1 0.22797537656250003 1
0 0.35049567656249997 1 0.38125 0.9972467453125 0.38125 0.9805622953125 0.3662844375 0.822295871875 0.3399393828125 0.8263311984374999 0.347390753125 0.9143070874999999 0.346880075 0.9149156906250001 0.32343553125 0.9130860765625 0.3302791375 1 0.35049567656249997 1
0 0.321875 1 0.321875 0.9828131890625 0.3205968859375 0.9827462062500001 0.3190074046875 0.9942532140625 0.313804296875 0.9947203234374999 0.3163551515625 0.9413413625 0.2986742140625 0.9399215390625001 0.29499472656250003 0.9818976718749999 0.250507790625 0.9790729921875 0.24981608125000002 0.9969770390624999 0.291954265625 1 0.321875 1
0 0.24401173125 0.9495995546874999 0.24401173125 0.9514825546875001 0.25824751875 0.98125 0.26159898125000003 0.98125 0.2921875 0.9656948890624999 0.2921875 0.9637137203125 0.277274271875 0.9336691374999999 0.24401173125 0.9495995546874999
0 0.3131522875 0.90015170625 0.32728274375 0.903125 0.329490103125 0.903125 0.346875 0.84324764375 0.346875 0.8362103578125 0.3321334375 0.8330133265624999 0.3131522875 0.90015170625
0 0.294761671875 0.8933522578125 0.299255753125 0.89514463125 0.3003102265625 0.8953125 0.3061781671875 0.8953125 0.3109375 0.8550663000000001 0.3109375 0.8418540140624999 0.29948941875 0.8447442562499999 0.294761671875 0.8933522578125
0 0.29920960937499996 0.8984901828125 0.2924158265625 0.9286024515625 0.29771756875 0.9296875 0.30483308125 0.9296875 0.310925684375 0.9042427484375001 0.29920960937499996 0.8984901828125
0 0.271203596875 0.8499170078124999 0.2810842671875 0.884375 0.285323034375 0.884375 0.290625 0.8832143531250001 0.290625 0.875320525 0.281801865625 0.8430992343750001 0.271203596875 0.8499170078124999
0 0.18411050625 0.8348522624999999 0.21282194687499997 0.93125 0.21894845312500003 0.93125 0.2515625 0.9223124078125 0.2515625 0.9146096828125 0.22906313437499998 0.8471180078125 0.18411050625 0.8348522624999999
0 0.269150528125 0.890689853125 0.255835996875 0.8514040359375 0.23918471874999997 0.860341775 0.26126710625 0.93125 0.2682968234375 0.93125 0.296875 0.9234688859375 0.296875 0.9220467765624999 0.2886349203125 0.8907389374999999 0.269150528125 0.890689853125
0 0.163743359375 0.8232216640625 0.16874014531249998 0.884375 0.1703606578125 0.884375 0.1828125 0.865763675 0.1828125 0.852148803125 0.18124637500000002 0.822513715625 0.163743359375 0.8232216640625
0 0.56053319375 1 0.5609375 0.9903386031249999 0.5609375 0.9704895140625001 0.5438672906249999 0.9845387062500001 0.5210882156250001 0.994296234375 0.48985825624999996 0.9981352046874999 0.45717057343749995 0.9949619390625 0.4322041578125 0.9907331734374999 0.41101169375 0.9841468578124999 0.39623695468750003 0.9735163281249999 0.3906777984375 0.9611785453125 0.39435175624999996 0.9398334531250001 0.3987919609375 0.91779845 0.4033672640625 0.9001510609375 0.40568198593749993 0.8838453734374999 0.4086660125 0.8617340578125001 0.4116422984375 0.8049431421875 0.4034156609375 0.803125 0.40286782343749994 0.803125 0.39687065625 0.808184465625 0.3970661078125 0.825351790625 0.3859778171875 0.8279648140625 0.379840521875 0.9938295984375 0.485719065625 1 0.56053319375 1
0 0.560418121875 0.8177180406250001 0.5512020265625 0.8172205015625 0.5523484671875 0.807203090625 0.5391914390625 0.8110601687500001 0.56843969375 0.93125 0.5703125 0.93125 0.5703125 0.9286620437499999 0.560418121875 0.8177180406250001
0 0.5922582953125 0.8187669328125 0.5768665109375 0.8790163859375 0.5768665109375 0.8796875 0.5769879312499999 0.8796875 0.622800396875 0.8605210578125 0.6265625 0.8454320875000001 0.6265625 0.8411741890625001 0.5924984859375 0.8187669328125 0.5922582953125 0.8187669328125
0 0.6269183093749999 1 0.622450428125 0.9971456218749999 0.65625 0.8538819312499999 0.65625 0.8486623328125 0.6482583359375 0.8448455812500001 0.64352925625 0.8669500250000001 0.5913935453125 0.8885855203125 0.5826227109375 0.887683025 0.5597091171875 0.9885532421875001 0.6090323359375 1 0.6269183093749999 1
0 0.6589769984375 0.9921875 0.6639338140625 0.9921875 0.6657988921875 0.9848757953125 0.66875 0.94659784375 0.66875 0.94049505 0.6528366140624999 0.9396610640624999 0.6569736078124999 0.8467915765624999 0.6501498531250001 0.8453125 0.64975068125 0.8453125 0.6430945625 0.9862412468749999 0.6589769984375 0.9921875
0 0.6535756234375001 0.850984028125 0.6672624328125 0.9328125 0.6758200390625 0.9328125 0.6765625 0.9326949062500001 0.6765625 0.9218868015625 0.6622882484375 0.8500654546874999 0.6535756234375001 0.850984028125
0 0.668258803125 0.9328125 0.6768638390625 0.9328125 0.69375 0.8596705078125 0.69375 0.8579101671875 0.6862982796875 0.8546748328125 0.668258803125 0.9328125
0 0.6789195890624999 0.939553365625 0.672191278125 0.9412002546875 0.6800070671875 0.9796875 0.685795509375 0.9796875 0.6890625 0.9785408515625 0.6890625 0.9756108187500001 0.6800876984374999 0.9397513546875 0.6789195890624999 0.939553365625
0 0.6904546781249999 0.9640625 0.69721134375 0.9640625 0.759375 0.9543013296874999 0.759375 0.9531027328125001 0.702267846875 0.930334746875 0.6904546781249999 0.9640625
0 0.6954171890625 0.8543475703125001 0.6875 0.9322986515625 0.6875 0.9323312234375001 0.7348402187499999 0.9359375 0.7523133125 0.9359375 0.759375 0.8518967609375 0.759375 0.83211453125 0.6989080046875 0.8520914203125001 0.6954171890625 0.8543475703125001
0 0.716559178125 0.98125 0.7199745562500001 0.98125 0.759375 0.974466340625 0.759375 0.971690521875 0.7514915953125 0.9505282015625 0.716559178125 0.98125
0 0.760968315625 0.8254941609375 0.7531267125000001 0.82880106875 0.7789865234375 0.9328125 0.784375 0.9328125 0.784375 0.9300226921875 0.760968315625 0.8254941609375
0 0.79949176875 0.8995960343749999 0.79655709375 0.8994358140625 0.775037896875 0.8738984484375001 0.7800296890625 0.940058415625 0.768079896875 0.9416248953125 0.7702920515625 0.978125 0.803125 0.978125 0.803125 0.9483255484375 0.79949176875 0.8995960343749999
0 0.6723914671875 0.9984375 0.68436633125 0.9984375 0.684375 0.99841385625 0.684375 0.9912728828124999 0.6752716734375 0.9898889687500001 0.6723914671875 0.9984375
0 0.711731703125 1 0.75625 0.9989271000000001 0.75625 0.9880321343749999 0.6926221421875 0.9898942 0.6936745296875 1 0.711731703125 1
0 0.82642678125 0.8248909171875001 0.7939873875 0.9775062640625001 0.7542780515625 0.9679476953125 0.753125 0.9758432578124999 0.753125 0.9792578875 0.8416793578125 0.9984375 0.9166848312500001 0.9984375 0.9163607609375 0.99792720625 0.921875 0.9640592390625 0.921875 0.9595531671875 0.8359251828125001 0.8257918125 0.82642678125 0.8248909171875001
0 0.780537278125 0.8153837515625 0.7798436234375 0.8143564203125001 0.7773465640625 0.8649717296875 0.798625975 0.89375 0.7989571109375 0.89375 0.8 0.8638855734374999 0.8 0.8342549437500001 0.795589265625 0.8335093499999999 0.780537278125 0.8153837515625
0 0.7713114640625001 0.80964440625 0.7651875593749999 0.8085032218749999 0.7679303703125 0.826157796875 0.7690381515625 0.8265625 0.7734375 0.8265625 0.7734375 0.819543690625 0.7713114640625001 0.80964440625