0 0 0.912697059375 0.0213774921875 0.9984375 0.1370018921875 0.9984375 0.2578125 0.9678640640625 0.2578125 0.96234174375 0.2443304671875 0.9082682656250001 0.2058818140625 0.9170577218749999 0.20568262656249997 0.93543535 0.21297566406250001 0.9678821734374999 0.20697388125 0.9693785859374999 0.17534575937500002 0.8680937406250001 0.1646454234375 0.8859020828125 0.1833466859375 0.9673008515625 0.1734066640625 0.9689823125 0.138061728125 0.8144372890625 0.1148046484375 0.820235928125 0.1108765375 0.8044811359375 0 0.8328074875 0 0.912697059375
0 0.35144444531249996 1 0.396875 0.8372664484375001 0.396875 0.834145690625 0.3716549125 0.828650709375 0.347083628125 0.9134536093750001 0.346388765625 0.9138387796874999 0.3251570734375 0.9037289140625001 0.3002737578125 0.9877453390625 0.3002737578125 0.9891611765625001 0.3383634078125 1 0.35144444531249996 1
0 0.283200628125 1 0.325 0.9949441828125 0.325 0.9754953000000001 0.32247709375 0.9758498734375 0.32311245624999996 0.9874487500000001 0.318094071875 0.9889000781249999 0.31041287500000003 0.9360151125 0.292785871875 0.9379950593749999 0.297183409375 0.9799020515624999 0.25297485000000003 0.985617775 0.2551981296875 1 0.283200628125 1
0 0.24394549843750002 0.9493053765624999 0.24394549843750002 0.95086594375 0.2578299125 0.98125 0.2610029140625 0.98125 0.2921875 0.9660708359375001 0.2921875 0.9645501109374999 0.27762992343750004 0.933889740625 0.24394549843750002 0.9493053765624999
0 0.3361783140625 0.903125 0.340625 0.8541715562500001 0.340625 0.8345396359375 0.3329965203125 0.834375 0.3253438203125 0.834375 0.3195870453125 0.903125 0.3361783140625 0.903125
0 0.3048226125 0.8391939718750001 0.29306226875 0.8457582859375 0.30104574375 0.89375 0.309375 0.89375 0.309375 0.870568959375 0.3048226125 0.8391939718750001
0 0.3063148953125 0.9013111734375 0.2932824859375 0.90059374375 0.29827885 0.928125 0.309375 0.928125 0.309375 0.9195304859375 0.3063148953125 0.9013111734375
0 0.26875 0.8789502625000001 0.26875 0.8801139671874999 0.27688254375 0.884375 0.27901754218749997 0.884375 0.2953125 0.8489246125 0.2953125 0.8478467578125001 0.2832794578125 0.8463165625 0.26875 0.8789502625000001
0 0.18466665 0.9217405546874999 0.21941231874999997 0.9328125 0.2252537140625 0.9328125 0.24375 0.86161783125 0.24375 0.8575578796875 0.2135468484375 0.823703640625 0.18466665 0.9217405546874999
0 0.23569308906250003 0.9186251234375 0.2630546640625 0.93125 0.270310875 0.93125 0.2828125 0.9047480703125 0.2828125 0.902973721875 0.26851691718750004 0.8909168062499999 0.2828125 0.8542083921874999 0.2828125 0.8521058421875001 0.265069146875 0.8484071796875 0.23569308906250003 0.9186251234375
0 0.1572039078125 0.88125 0.1787011328125 0.8677042796875 0.19375 0.8284492578125 0.19375 0.8281571328125 0.177950703125 0.821875 0.1775162515625 0.821875 0.1566899234375 0.88125 0.1572039078125 0.88125
0 0.559131571875 1 0.5608273140625 0.9714261625 0.542642021875 0.985868196875 0.5196961234375 0.9952266906249999 0.488403921875 0.9985200375 0.4557765984375 0.9947767765625001 0.4308877875 0.9901129296875 0.40981349843750003 0.9831577593749999 0.3952265390625 0.9722709937499999 0.3898835515625 0.9598380687500001 0.3939294734375 0.938560346875 0.3987535671875 0.9166061921875001 0.4036361609375 0.8990413421874999 0.4062351046875 0.882778534375 0.4096045734375 0.8607226656250001 0.41357154375 0.8039923421875 0.404945515625 0.8019273984374999 0.39874558125 0.8069753703125 0.39864139375 0.8241434921874999 0.38750918749999996 0.8265626015624999 0.3784780859375 0.9922950125 0.4801132015625 1 0.559131571875 1
0 0.544583265625 0.8188771593749999 0.5356644890625 0.8212519015625 0.5336592671875 0.81137050625 0.52233809375 0.8191045515625 0.5876820234375 0.925 0.5890625 0.925 0.5890625 0.9231756453125 0.544583265625 0.8188771593749999
0 0.58132740625 0.823978196875 0.58132740625 0.8256683921875 0.5862499125 0.8859375 0.5873976937500001 0.8859375 0.6234375 0.8538239953125 0.6234375 0.850962803125 0.6219857953125 0.8343697515624999 0.58132740625 0.823978196875
0 0.618708709375 1 0.66875 0.9903325015625001 0.66875 0.9895850265625 0.653707209375 0.9873172359375 0.6254171000000001 0.8379561984375 0.6153379 0.8376872046875 0.6200083578125 0.8598041078125 0.5811799640624999 0.9007746203125 0.5728003312500001 0.9035175703125 0.5919077296874999 1 0.618708709375 1
0 0.6572810312499999 0.99375 0.6580634187500001 0.99375 0.6610246234375 0.985298821875 0.6671875 0.94810655625 0.6671875 0.941253509375 0.65205239375 0.9391264093749999 0.6642677546875 0.8469708796875001 0.6589202765625 0.8453125 0.6571410796875 0.8453125 0.638287684375 0.9846802640625001 0.6572810312499999 0.99375
0 0.6569436328125 0.9328125 0.6604370390625001 0.9328125 0.678125 0.8605776468749999 0.678125 0.851545390625 0.6736321515625 0.85 0.6717132125 0.85 0.6493447546875 0.9306335562499999 0.6569436328125 0.9328125
0 0.6723267374999999 0.8558264921875001 0.6805825421875 0.934375 0.6866158984374999 0.934375 0.6875 0.9341237281250001 0.6875 0.9199776875 0.6808272703125 0.856490896875 0.6723267374999999 0.8558264921875001
0 0.6789195890624999 0.939553365625 0.672191278125 0.9412002546875 0.6800070671875 0.9796875 0.685795509375 0.9796875 0.6890625 0.9785408515625 0.6890625 0.9756108187500001 0.6800876984374999 0.9397513546875 0.6789195890624999 0.939553365625
0 0.6957192937500001 0.9765625 0.6996031109375 0.9765625 0.7546875 0.9395139218749999 0.7546875 0.9387091734374999 0.6922978203125 0.9422665359375 0.6957192937500001 0.9765625
0 0.6910988640625 0.860967828125 0.6884202140625 0.8641460109375 0.7032548625 0.9390625 0.712450625 0.9390625 0.7640625 0.9274844984374999 0.7640625 0.9134040734375001 0.744552915625 0.8231449609375 0.6910988640625 0.860967828125
0 0.7479372375 0.9859375 0.7522165171874999 0.9859375 0.75625 0.9692250031249999 0.75625 0.9632088937500001 0.7105106640625001 0.9690929562499999 0.7479372375 0.9859375
0 0.7633728234375 0.934375 0.7692368640625 0.934375 0.7765625 0.8386936171875 0.7765625 0.8256869140624999 0.7691004171875 0.8264535437499999 0.7633728234375 0.934375
0 0.792558771875 0.8981385234375001 0.767694884375 0.87584458125 0.781845784375 0.9406659609375 0.7702302999999999 0.9438802859375001 0.7774947109375 0.9796875 0.7908592296875 0.9796875 0.8109375 0.9754743640625 0.8109375 0.9689646171874999 0.7954871859375 0.8978887578125001 0.792558771875 0.8981385234375001
0 0.684375 1 0.684375 0.990168115625 0.6738923531250001 0.9920837046875001 0.67394486875 1 0.684375 1
0 0.7515625 1 0.7515625 0.999545190625 0.698258046875 0.9765625 0.6973508359375 0.9765625 0.694008834375 0.9862382984375 0.7254790343749999 1 0.7515625 1
0 0.83913876875 0.8212337828124999 0.7857751234375 0.967849196875 0.7477825296875 0.9528571796874999 0.7446025234375 0.9637258828125 0.8388408890625 0.9984375 0.9061847359374999 0.9984375 0.9140625 0.9730630687499999 0.9140625 0.9660140828125 0.8484193531249999 0.8234478328125 0.83913876875 0.8212337828124999
0 0.8137449718750001 0.8859375 0.8140625 0.8859375 0.8140625 0.8841469953125 0.7926987484375 0.8312698546874999 0.7873556359375 0.8326422656249999 0.7662326140625 0.822205903125 0.7657024984375 0.821875 0.7653071609375 0.821875 0.7834870015625001 0.86880455625 0.8137449718750001 0.8859375
0 0.7707812406250001 0.8096054593750001 0.7646212390625 0.8086786921875 0.7679785140625001 0.8262267890625001 0.7690075296875001 0.8265625 0.7734375 0.8265625 0.7734375 0.8201640125 0.7707812406250001 0.8096054593750001