0 0.1994845 0.9373063046875 0.19484527812500002 0.9550898515625 0.194072084375 0.9883372109374999 0.187886565625 0.9883372109374999 0.1817009546875 0.8824094234375 0.1670102375 0.8971001375000001 0.1654638484375 0.9806052578125 0.1554123046875 0.9798320625000001 0.1585050890625 0.8213269734375 0.13453602656250002 0.8213269734375 0.13453602656250002 0.8050898671875 0.0007731953125 0.8058630625 0.0007731953125 1 0.238917425 0.9991619500000001 0.238917425 0.9380795031250001 0.1994845 0.9373063046875
0 0.374567675 0.8243074640625 0.34797116875 0.8260313125 0.34772658125 0.91432185625 0.347164803125 0.914883634375 0.32396893437499996 0.91101765625 0.3231957890625 1 0.3757989953125 0.9998937578125 0.374567675 0.8243074640625
0 0.32088212031249996 0.980685159375 0.3198970484375 0.9922595843750001 0.31472551718749997 0.9929983625000001 0.3144792375 0.9395590546875001 0.29674822343749996 0.9390665265625 0.2952706390625 0.9811777015625 0.2506968390625 0.980685159375 0.250943103125 0.9986008703125 0.32359100937499996 1 0.32359100937499996 0.980685159375 0.32088212031249996 0.980685159375
0 0.2868976609375 0.9390049609375 0.2492192546875 0.940051584375 0.2502043125 0.97625241875 0.28837524531250003 0.9742822906249999 0.2868976609375 0.9390049609375
0 0.322113425 0.8350815171875 0.3235910234375 0.9048358203125 0.3400907046875 0.9033582359375 0.339105646875 0.833665496875 0.322113425 0.8350815171875
0 0.3083226375 0.8398221109374999 0.29576316875 0.8446858171875 0.2969944875 0.8935076703125 0.3016735046875 0.8947389921875001 0.3085688984375 0.8949852546875 0.3083226375 0.8398221109374999
0 0.2952706390625 0.8996027062499999 0.2965019765625 0.930447284375 0.3088151796875 0.9297084921875 0.30807637187500003 0.9021269140625 0.2952706390625 0.8996027062499999
0 0.2763083046875 0.84714845625 0.2763083046875 0.883903371875 0.28788273124999997 0.8846421640625 0.28837524531250003 0.843516071875 0.2763083046875 0.84714845625
0 0.197996325 0.8267701078125 0.197257534375 0.9289697 0.2393686921875 0.93020101875 0.2373985796875 0.8516427765625 0.197996325 0.8267701078125
0 0.28862150937500003 0.8959703125 0.26990543749999996 0.8905525031250001 0.2679353265625 0.8491185703124999 0.24946551874999998 0.8531203609375 0.25118936718749996 0.9292159640625 0.28788273124999997 0.9297084921875 0.28862150937500003 0.8959703125
0 0.166596625 0.822411346875 0.166232103125 0.88593314375 0.18263658437500002 0.865518678125 0.1840947375 0.82323158125 0.166596625 0.822411346875
0 0.5654078 0.9654037421874999 0.54827423125 0.9810791375000001 0.5260370437499999 0.992015459375 0.4950508 0.9974836171874999 0.46224183906249994 0.9960254421875 0.437088321875 0.9931091125 0.41558020156250003 0.9876409515625 0.40026935156250004 0.9777982406250001 0.39407210312499996 0.965768309375 0.3966239109375 0.9442601906249999 0.3999048078125 0.9220230031250001 0.40355024687499996 0.9041603468750001 0.40500842343750004 0.8877558625 0.40683114375 0.865518678125 0.40683114375 0.808649825 0.3980820859375 0.8071916328125001 0.3922493828125 0.81265979375 0.3933430359375 0.8297933625 0.3824066953125 0.832983121875 0.384958503125 0.9989417953125 0.56577234375 1 0.5654078 0.9654037421874999
0 0.5570232859375001 0.8173988828125 0.55921055 0.8075561828125 0.5457224234375 0.8100168484375001 0.562491446875 0.9344175218749999 0.56431416875 0.9344175218749999 0.5661368875 0.818857040625 0.5570232859375001 0.8173988828125
0 0.5839995453125 0.822411346875 0.583635003125 0.8855685984375 0.6237348468749999 0.8556760000000001 0.6237348468749999 0.836355153125 0.5839995453125 0.822411346875
0 0.639774784375 0.841458771875 0.62993209375 0.8392715187500001 0.6302966390625 0.8618732375 0.5843640890625 0.8946821999999999 0.575615034375 0.8957758437500001 0.5759795765625 0.9992152015625001 0.655450178125 0.9993063390625 0.6390456953125 0.993473634375 0.639774784375 0.841458771875
0 0.6707610265625 0.9402502046875 0.6543565453125 0.9402502046875 0.65362745625 0.8472914765624999 0.6463365765625 0.84610670625 0.6470656640625 0.9872764093749999 0.667844696875 0.993838178125 0.669667415625 0.9847245765625001 0.6707610265625 0.9402502046875
0 0.66018925 0.8497521484374999 0.6609183359374999 0.93405296875 0.6722192015624999 0.93405296875 0.6689383046875 0.8502078390625 0.66018925 0.8497521484374999
0 0.6769582734374999 0.8544912218749999 0.6769582984375 0.9351465890625 0.6853427890625 0.9336884140624999 0.6853427890625 0.856040534375 0.6769582734374999 0.8544912218749999
0 0.6846137 0.9402502046875 0.6835200671874999 0.9397945234374999 0.67659373125 0.9398856609375 0.6755000984375 0.9810791375000001 0.6853427890625 0.9799855265625 0.6846137 0.9402502046875
0 0.6948209328125 0.9774336968749999 0.7575225078125001 0.9413438359375 0.6937273 0.9405236125 0.6948209328125 0.9774336968749999
0 0.75679341875 0.9347820453125 0.756428875 0.8286997312500001 0.6962791078125 0.8545823562500001 0.6929982109374999 0.857134165625 0.69190458125 0.9355111328125 0.75679341875 0.9347820453125
0 0.712683590625 0.9774336968749999 0.75788705 0.9799855265625 0.754606153125 0.954831965625 0.712683590625 0.9774336968749999
0 0.7648133875 0.8261479203125001 0.7666361078125 0.934690909375 0.7724688125 0.9351465890625 0.7731979015625 0.8246897453124999 0.7648133875 0.8261479203125001
0 0.7983514406250001 0.90051490625 0.778666059375 0.873538646875 0.77903060625 0.9398856609375 0.7670006515625001 0.9406147499999999 0.7666361078125 0.9798943703124999 0.8016323359375 0.9799855265625 0.801267790625 0.90087945 0.7983514406250001 0.90051490625
0 0.674406465625 0.9909218484375 0.6736773796875 0.999944290625 0.6849782421875 1 0.6860718984374999 0.9898281953125 0.674406465625 0.9909218484375
0 0.6929982109374999 0.9887345625 0.6937273 0.9993063390625 0.75788705 1 0.7575225078125001 0.9890991281250001 0.6929982109374999 0.9887345625
0 0.9303163796874999 0.9457183656250001 0.8176722734374999 0.83198064375 0.808194128125 0.8330742640625 0.808194128125 0.9890991281250001 0.7673651968749999 0.9880054734374999 0.7680942843749999 0.9993063390625 0.9481790390624999 1 0.9321391015625 0.98363096875 0.9303163796874999 0.9457183656250001
0 0.800903246875 0.8935885703125 0.800903246875 0.833803346875 0.7954350859375 0.8330742593749999 0.7797596921875 0.8154850093749999 0.77903060625 0.8144825125 0.7783015171875001 0.8651541343750001 0.800903246875 0.8935885703125
0 0.7670006515625001 0.8086498203125 0.7666361078125 0.826512465625 0.7735624453125001 0.8305224609374999 0.7728333562499999 0.8108370718750001 0.7670006515625001 0.8086498203125