0 0.8761178 0.9227147953125 0.8680033296874999 0.9417900078124999 0.8435533796874999 0.9984375 0.9671875 0.9984375 0.9671875 0.9568952906250001 0.8761178 0.9227147953125
0 0.8324658984375001 0.9624344046875001 0.8266778 0.9984375 0.8307616812499999 0.9984375 0.840625 0.9666722625 0.840625 0.962798803125 0.8394750203125 0.9627474546875 0.8324658984375001 0.9624344046875001
0 0.745516371875 0.9984375 0.814327675 0.9984375 0.8171875 0.97128075625 0.8171875 0.96149183125 0.77011355 0.942645653125 0.745516371875 0.9984375
0 0.7011064546875 0.9984375 0.73066963125 0.9984375 0.746875 0.9470979765624999 0.746875 0.9398971359375 0.7207341375 0.9335290781250001 0.7011064546875 0.9984375
0 0.682142034375 1 0.6953125 0.9391183140624999 0.6953125 0.93485675 0.6910786234375 0.9358110406250001 0.684129809375 0.9497862156249999 0.66341770625 0.9418355843749999 0.6556234421875 0.9642037328124999 0.6036882625 0.952985259375 0.5849628906250001 0.9893849031249999 0.574871996875 0.984718821875 0.584677175 0.9488575515625 0.5374146609375 0.9378476750000001 0.5060710687500001 0.9060034328125001 0.445315596875 0.8826815937499999 0.385360653125 0.8675920734375 0.3715731515625 0.9035097437499999 0.35904090312500003 0.9010765062500001 0.3688959765625 0.858894434375 0.32560549375000003 0.82721915625 0.343104984375 0.7816314249999999 0.3138979875 0.7751749109375 0.2450897859375 0.8945824546875001 0.23664488125 0.8897556906249999 0.290479378125 0.7701478640625 0.2706676890625 0.757787865625 0.24022611875000002 0.8309002171875 0.227693778125 0.8284670640625 0.25446818437499996 0.748399434375 0.2109176796875 0.72771945 0.201157325 0.746955384375 0.1938280359375 0.7433494453125 0.199661203125 0.728153528125 0.1968995796875 0.7270934390625 0.1271806421875 0.8303012453124999 0.1173548703125 0.8249445015625 0.18728383906249998 0.7170622875 0.1713649203125 0.7378966546875 0.198299459375 0.6594755671875 0.105465146875 0.620669821875 0.0461367578125 0.6906185890625001 0.0419943484375 0.6890284656250001 0.0928777609375 0.6142529640625 0.086984353125 0.6151607171875 0.0565029453125 0.650217634375 0.0003230515625 0.7965712625 0.0003230515625 0.815745503125 0.47979206406249997 1 0.682142034375 1
0 0.5816502625 0.8260345125 0.576954590625 0.84936045625 0.5929143578125 0.9015625 0.601170684375 0.9015625 0.609375 0.897531428125 0.609375 0.89548806875 0.5868929078125 0.8238400312499999 0.5816502625 0.8260345125
0 0.6137389421874999 0.834350584375 0.6309405921875 0.896875 0.6387209328125001 0.896875 0.6484375 0.8932861390625 0.6484375 0.8866676109375 0.6322251343749999 0.83363935 0.6137389421874999 0.834350584375
0 0.70625 0.8977466015625 0.70625 0.8968785203125 0.701026834375 0.8455920499999999 0.6891935140625 0.8453125 0.6681568328124999 0.8453125 0.6671875 0.881575471875 0.6671875 0.8984375 0.679052265625 0.8984375 0.70625 0.8977466015625
0 0.30290844843750003 0.78125 0.3171875 0.74088418125 0.3171875 0.7364508 0.29964629062500003 0.7317431015625 0.283335665625 0.7737382625 0.2995583859375 0.78125 0.30290844843750003 0.78125
0 1 0.832389084375 0.9786396015625 0.798828721875 0.9785544749999999 0.8012306109375 1 0.8466086562499999 1 0.832389084375
0 0.0924049640625 0.637280034375 0.1039055984375 0.7 0.11059074687499999 0.7 0.1163287453125 0.698634409375 0.13419691875 0.69251300625 0.1359375 0.6926054828125 0.1359375 0.6911867015625 0.116836953125 0.622268 0.10654951718750001 0.6210898671875 0.0887946421875 0.62507069375 0.0924049640625 0.637280034375