0 0.4060205359375 0.8658122234375 0.3788811875 0.7826384 0.374724640625 0.7705669125 0.385882446875 0.7652246546875 0.369658378125 0.7122992609375001 0.36094411718749997 0.737804378125 0.40540475000000004 0.8640238531250001 0.3981301109375 0.8690292109375 0.36171007187500004 0.7701634171875 0.3573893734375 0.7710348046875 0.3450241953125 0.7452864296875 0.31224580625 0.7560728390625 0.3400158546875 0.842530190625 0.3304917140625 0.8468098062499999 0.30225983125 0.759011190625 0.297328859375 0.75920874375 0.3381843890625 0.8836689734375 0.33061676875 0.8892753062500001 0.2608940125 0.67630741875 0.20383973125 0.6949606 0.206894128125 0.703831209375 0.2137118796875 0.7034681171875 0.21795845468750003 0.7129204890625 0.2097319453125 0.7207143046875 0.19404718906250001 0.7241305109375 0.18448033125000002 0.7165101 0.19240138906249998 0.7078291937500001 0.1905687546875 0.7025068359375 0.1456524375 0.7189649890625 0.16968408906250002 0.8089215 0.1725220046875 0.82580464375 0.12024730312500001 0.9073072515625 0.0415770296875 0.9294343984375001 0.024725067187499998 0.958058390625 0.038779706250000004 0.9984375 0.23172414375 0.9984375 0.43125 0.9301041796874999 0.43125 0.9269542890625001 0.41832133281250006 0.9000844750000001 0.4060205359375 0.8658122234375
0 0.0472927484375 0.8683408484375 0.0515744953125 0.8779589796874999 0.0518938609375 0.884375 0.053141578125 0.884375 0.0828125 0.8732981171875001 0.0828125 0.8666707406249999 0.0787623515625 0.856646271875 0.0472927484375 0.8683408484375
0 0.1661465265625 0.8145911312499999 0.1141479859375 0.8515363015625 0.1142344734375 0.865625 0.11457195 0.865625 0.1686834421875 0.829402684375 0.1661465265625 0.8145911312499999
0 0.9700338609375001 0.7071545046875001 0.9672009890625001 0.71187018125 0.964480075 0.7229999046875 0.948149790625 0.7227016828124999 0.945675884375 0.7145789921875 0.9060209671875 0.714104609375 0.9061736375 0.722851084375 0.8910091078125 0.7225325109375 0.889118078125 0.7143996515625 0.8361964796875 0.71590668125 0.83636950625 0.7258193765625001 0.8194869765625 0.7272806015625 0.8192732375 0.715035528125 0.767388440625 0.715357921875 0.7676225359375 0.7287691703125 0.7506991953125 0.727898003125 0.7504752781249999 0.7150698484375 0.7108508953125 0.7163447890625 0.71285398125 0.7308917203124999 0.6924232875 0.72949850625 0.6897559984375 0.7102969390625 0.662371671875 0.7113582296875001 0.66185740625 0.748696853125 0.663801409375 0.8600686812499999 0.6579829 0.8607535374999999 0.6525520015625 0.7500258453125 0.645527121875 0.74839863125 0.6489244953125 0.8428300546875 0.642523209375 0.843525109375 0.6373771953125 0.74912415625 0.587271571875 0.75116531875 0.58944966875 0.875948403125 0.5842446203125 0.878372359375 0.5772300171875 0.8773282375000001 0.5785082828125 0.7501517171875001 0.5719238859375 0.7403509703125 0.5721090249999999 0.8511702078125 0.5610041453125 0.8496142093750001 0.5627819265625 0.83737815625 0.551497103125 0.87447359375 0.4206144765625 0.8781769531249999 0.4204059921875 0.8933142187499999 0.405763953125 0.8940427359375 0.4064285390625 0.877951628125 0.3912809234375 0.8767972468749999 0.39476087031249996 0.9984375 0.7377124140625 0.9984375 0.9984375 0.994243990625 0.9984375 0.8349664078125001 0.9956797281249999 0.7067068546875 0.9700338609375001 0.7071545046875001
0 0.45211599687500004 0.7136158609375001 0.47307815781249996 0.784375 0.473595009375 0.784375 0.4953125 0.777885365625 0.4953125 0.770552146875 0.47835052187500005 0.7047498578125 0.45211599687500004 0.7136158609375001
0 0.41094830312499997 0.719572625 0.438801796875 0.7828125 0.4411945859375 0.7828125 0.459375 0.7741004874999999 0.459375 0.771191240625 0.4301419484375 0.7084828843750001 0.41094830312499997 0.719572625
0 0.55906971875 0.70851094375 0.52876929375 0.7763407328125 0.5429053875000001 0.784375 0.544817228125 0.784375 0.57442974375 0.716131371875 0.55906971875 0.70851094375
0 0.4390482734375 0.8203125 0.44478044843750003 0.8203125 0.4498796203125 0.78125 0.42588122031250003 0.78125 0.4213179921875 0.8181156484375001 0.4390482734375 0.8203125
0 0.46161407031249996 0.8004888546875 0.4834614265625 0.8015625 0.48638785 0.8015625 0.4875 0.7887354578125 0.4875 0.7847664187500001 0.46528808593750004 0.778187690625 0.46161407031249996 0.8004888546875
0 0.5413459781250001 0.7075188906250001 0.5257843828125 0.712061078125 0.5625310625 0.8203125 0.5765625 0.8203125 0.5765625 0.8148657546875 0.5413459781250001 0.7075188906250001
0 0.43897141093750003 0.815089775 0.43897141093750003 0.81629720625 0.46156663125 0.821875 0.4662238109375 0.821875 0.50625 0.718735221875 0.50625 0.7149165125 0.48280149687499996 0.7058843031250001 0.43897141093750003 0.815089775