0 0.2127918171875 1 0.4125 0.9722696187500001 0.4125 0.9687904093749999 0.40505496250000006 0.9404014734375 0.39951961874999997 0.9044117953124999 0.38874921093750003 0.817587678125 0.38697238125 0.804944871875 0.3989445375 0.8018297734375001 0.39311719218749996 0.7467810703125 0.37969643125 0.7701548296875 0.3992563859375 0.9025387874999999 0.391160334375 0.9060641125 0.37427391718749997 0.8020654921875 0.3698663328125 0.8020964421875 0.362641359375 0.7744617484375 0.3284070578125 0.7787955703125 0.3391700515625 0.8689632328125001 0.3290043078125 0.8713469265624999 0.31804388906250003 0.7797745234375 0.31316581875 0.779027571875 0.3295225859375 0.9089967203124999 0.3210242640625 0.9130560781250001 0.29321870156249996 0.6906972812500001 0.23365347343749998 0.69812128125 0.234959159375 0.70741171875 0.24172092968749997 0.7083561859375 0.2440858875 0.718445175 0.234523390625 0.7245261046875 0.21847496562500002 0.7248867531250001 0.21053792031250002 0.7155809093750001 0.2199698421875 0.708570903125 0.2191864328125 0.70299665 0.1719549890625 0.710581984375 0.1783806015625 0.8034711953125001 0.1779449203125 0.8205856499999999 0.111079221875 0.8906163406250001 0.0296322828125 0.8973259546874999 0.007628225 0.9222085359375001 0.018826121874999997 1 0.2127918171875 1
0 0.0474275015625 0.8678802796875 0.0513709734375 0.8776419828125 0.05147081875 0.884375 0.05191625 0.884375 0.0828125 0.8740541453124999 0.0828125 0.8669798906249999 0.07928606875000001 0.8572911 0.0474275015625 0.8678802796875
0 0.11272582187499999 0.8497264921875001 0.1115658375 0.863993365625 0.16875 0.83255816875 0.16875 0.8296098546874999 0.1677464796875 0.81745388125 0.11272582187499999 0.8497264921875001
0 1 0.768830421875 0.9953238484375 0.7679214703125 0.9915724375 0.771945109375 0.9865969828125 0.7822659109375001 0.9706855593749999 0.7785789484375 0.969954515625 0.7701194046875 0.9312647843749999 0.7614106671875 0.929595621875 0.769997753125 0.9148287093749999 0.7665332593749999 0.9146699203124999 0.758184953125 0.86259145625 0.7486560328125 0.8606997359375 0.7583880859375001 0.8438823234375 0.7563073046875 0.8462191499999999 0.7442853765625 0.79540113125 0.73381326875 0.7928417546875 0.7469801203124999 0.77646935625 0.74260943125 0.7789174578125 0.7300150484375 0.7398938859374999 0.723023753125 0.7388287234375001 0.737669265625 0.719134153125 0.732058715625 0.72051738125 0.7127221890625 0.693510815625 0.7080667671875001 0.6852446515625 0.744482528125 0.663990665625 0.8538247984374999 0.658156915625 0.853284953125 0.6758662765625 0.7438477765625 0.669333225 0.740795565625 0.6530229609375 0.8338697921874999 0.646617046875 0.83321875625 0.6612105500000001 0.7398107734375 0.6117754718749999 0.7313897859375 0.587962109375 0.8538989125 0.5823668343749999 0.8551877093750001 0.5757226046875 0.8527079859375 0.6034144218749999 0.72857634375 0.5990116000000001 0.7176207953125 0.576152078125 0.8260568578124999 0.565613378125 0.822226028125 0.5698963296875 0.8106269812500001 0.5511455296875 0.8445655500000001 0.42235303281250003 0.8209759515625 0.4190018875 0.8357390859375 0.404528346875 0.83340743125 0.40852393593749997 0.8178061296875001 0.3939473421875 0.8135276078125001 0.371068778125 0.9386590671875 0.6843473906249999 1 0.9772951187500001 1 1 0.880617403125 1 0.768830421875
0 0.46044969062499996 0.78125 0.48555270781250004 0.78125 0.4921875 0.7129130296875 0.4921875 0.7083496046875 0.464944825 0.7077184296875 0.46044969062499996 0.78125
0 0.4129992734375 0.7186795296875 0.43661316093749997 0.784375 0.43749844531250004 0.784375 0.4578125 0.7763306046875 0.4578125 0.7738246921874999 0.43291974531250005 0.708955684375 0.4129992734375 0.7186795296875
0 0.5570494515625 0.7080109140624999 0.5303404890625 0.777333546875 0.54439471875 0.784375 0.546839853125 0.784375 0.5727872484375001 0.71481701875 0.5570494515625 0.7080109140624999
0 0.43719030156249994 0.821875 0.439648890625 0.821875 0.453125 0.7857108484374999 0.453125 0.7846696718749999 0.431155946875 0.7796875 0.42997449843749996 0.7796875 0.41723356718750004 0.8145864156249999 0.43719030156249994 0.821875
0 0.4617426375 0.7814709125 0.46426526562500003 0.803125 0.4677547390625 0.803125 0.4859375 0.7988647671875 0.4859375 0.785159965625 0.4852573515625 0.7816754015625 0.4617426375 0.7814709125
0 0.5481334453125 0.825 0.5528961828125001 0.825 0.5668560125 0.7085733046875 0.55172314375 0.70625 0.5508178359375 0.70625 0.5381943578125 0.8215165796875 0.5481334453125 0.825
0 0.44374708281249997 0.71347778125 0.4760032296875 0.825 0.482696009375 0.825 0.5015625 0.8165474265625001 0.5015625 0.8133221140625 0.469107209375 0.70575651875 0.44374708281249997 0.71347778125