0 0.3272177046875 0.796231034375 0.32249106250000004 0.7948124562500001 0.3206004375 0.9257931749999999 0.3116198671875 0.928630290625 0.31503126875 0.7045656874999999 0.2550125046875 0.703627559375 0.2550125046875 0.7130093 0.26157702656250004 0.7148856328125001 0.2625148515625 0.725205575 0.25219911562499997 0.7298964828125001 0.2362566796875 0.7280201125 0.229692 0.717700209375 0.2400077359375 0.71207109375 0.2400077359375 0.706442059375 0.192180271875 0.7073802265625 0.18561567031249998 0.8002597187499999 0.1828023578125 0.81714698125 0.106841003125 0.8771902328125 0.025252903124999997 0.872499325 0 0.894077378125 0.0003515234375 0.9993474765625001 0.39485325 1 0.391027040625 0.9674043749999999 0.3905543625 0.930994575 0.391972353125 0.8435164734375 0.391972353125 0.83074941875 0.40426153593749997 0.8293308390625 0.4061522 0.77400685625 0.38960905 0.795285334375 0.3905543625 0.9291031593750001 0.38204647187499996 0.9314674249999999 0.3797982015625 0.8261307765625 0.37542920468749996 0.8255480078125 0.37212055 0.79717673125 0.3376162625 0.7967038828125 0.3357255984375 0.887491959375 0.325327040625 0.88843765625 0.3272177046875 0.796231034375
0 0.0833691953125 0.8624306562499999 0.049810221875 0.861484959375 0.0501771734375 0.87200670625 0.04791959375 0.87850770625 0.0833691953125 0.8794534234375 0.0833691953125 0.8624306562499999
0 0.1151459875 0.8538154406249999 0.11598285625 0.8681049062499999 0.1684483203125 0.828857990625 0.16513970625000002 0.814199509375 0.1151459875 0.8538154406249999
0 0.973187128125 0.712453834375 0.9702723875 0.7171193515625001 0.9673576484374999 0.72819989375 0.9510350546874999 0.7276167140625 0.9487032859375001 0.7194520859375 0.9090626875 0.7182857015625 0.9090626875 0.7270335078125 0.8939060281250001 0.7264503265625 0.8921572234375 0.7182857015625 0.8392173843749999 0.7188688937500001 0.8392173843749999 0.7287830984375 0.8223119234375 0.729949459375 0.8223119234375 0.7177025218749999 0.770429403125 0.7171193515625001 0.770429403125 0.7305326421875 0.75352384375 0.7293662546874999 0.75352384375 0.716536146875 0.7138832453124999 0.7171193515625001 0.715632146875 0.7316990265625 0.6952288796875 0.729949459375 0.6928971109375001 0.7107042671875 0.6654984328125 0.7112874734375 0.664332596875 0.748611434375 0.664332596875 0.8600002281249999 0.658503021875 0.8605834328125 0.6550054140625 0.749777821875 0.648010003125 0.7480282546875 0.6497588046875 0.8425045890625 0.6433463625 0.8430878203125 0.63984865625 0.748611434375 0.589715040625 0.749777821875 0.589715040625 0.8745799140624999 0.58446848125 0.8769126609375 0.57747316875 0.8757462765625 0.5809707765625001 0.748611434375 0.5745584296875 0.7386972671875001 0.572809478125 0.84950285625 0.5617334453125 0.8477532890624999 0.5637245046875 0.8355501249999999 0.5517939953125001 0.8724429656250001 0.4208666703125 0.87386154375 0.4203940359375 0.8889928656249999 0.4057415125 0.8894657328125 0.406686825 0.873388675 0.39156166406250004 0.8719701078125001 0.39297965156250003 0.9991679859374999 1 1 0.9988369015625 0.712453834375 0.973187128125 0.712453834375
0 0.46127978125 0.7090231171875 0.46321773750000006 0.782944534375 0.48820126875 0.782230434375 0.4889150765625 0.7072492109375 0.46127978125 0.7090231171875
0 0.4230144734375 0.712457184375 0.42395787812499997 0.7825874859375 0.44751376406250004 0.7815163218750001 0.4450154234375 0.7097485796874999 0.4230144734375 0.712457184375
0 0.54280815625 0.7083203578124999 0.5427162015625 0.7826102453125 0.560653553125 0.784372746875 0.5599397453125 0.70903448125 0.54280815625 0.7083203578124999
0 0.42214249531250003 0.7827194328125 0.42406402656250003 0.820085403125 0.44758303125000004 0.818878825 0.445773871875 0.77845789375 0.42214249531250003 0.7827194328125
0 0.4635881171875 0.779403784375 0.462659315625 0.80198646875 0.48738440625 0.800176596875 0.4867813359375 0.7832842671875 0.4635881171875 0.779403784375
0 0.5423348031249999 0.7064594859375 0.5458803828125001 0.822498590625 0.560956665625 0.8255150671875 0.5585444374999999 0.706665540625 0.5423348031249999 0.7064594859375
0 0.4603067140625 0.7072472953125 0.4605799765625 0.8261036484375 0.4884025453125 0.822127384375 0.48681270000000004 0.7068153390624999 0.4603067140625 0.7072472953125