0 0.9361863453125 0.762702846875 0.85384895 0.77048585 0.7678142609374999 0.7892423453124999 0.7122195609374999 0.803436890625 0.680409546875 0.802311034375 0.6651026078125 0.7834732984375 0.596765171875 0.6421641515625 0.45997402656249997 0.77755018125 0.547002878125 0.76359620625 0.5592347531249999 0.7678080890625 0.469442815625 0.8539873296874999 0.218090803125 0.8917173484375001 0.3154715015625 0.80127191875 0.345026646875 0.7970856390625001 0.3055902875 0.6967979375 0.28778576718750004 0.701478634375 0.24664113125 0.7055501140625 0.2438529328125 0.7088234156250001 0.24769610625 0.7301796671874999 0.24032570312499998 0.74480196875 0.22879707656249998 0.7570097609374999 0.14683551718750001 0.7656781828125 0.1460356015625 0.7785564296875 0.1606253453125 0.8129277109374999 0.1926546046875 0.9006862234374999 0.204813984375 0.92687150625 0.2101362234375 0.9590936828125001 0.20679058437500003 0.9782768828125 0.1960136640625 0.9922554 0.174670965625 0.9984375 0.53883685625 0.9984375 0.9984375 0.8045210109375001 0.9984375 0.7515047671875 0.9956724156250001 0.7552155671875 0.9361863453125 0.762702846875
0 1 0.8373962453124999 0.9860128843749999 0.8354806734375 0.962424925 0.82481026875 0.936075121875 0.8232003812500001 0.9149652484375 0.8248232765625 0.8869413375 0.8253570453125001 0.853794859375 0.8236126531249999 0.8248168187499999 0.8242635359375001 0.8023003453124999 0.8144306015625 0.7894925359375 0.781117509375 0.7805840484375001 0.70856370625 0.7272158984375 0.7393426796875 0.665213234375 0.7342773265625 0.6824724109375 0.8640293515625 0.6957984046875 0.877897871875 0.715820396875 0.8831918515625 0.756232571875 0.8888894046875 0.8232454421875 0.89035173125 0.8859560406250001 0.8962184828125 0.9442473859374999 0.9055350921875001 0.9733023359375 0.9109375 0.9840882625 0.9109375 1 0.899219640625 1 0.8373962453124999
0 0.9563862437499999 0.7589215328125001 0.935838509375 0.7593558421875 0.9187929234375 0.7531458734375 0.9097510828125 0.7383515015625 0.9019305781250001 0.715430996875 0.899211871875 0.6933926718750001 0.891672425 0.6625459203124999 0.8785667437500001 0.6702481812500001 0.7943339390624999 0.6709188109374999 0.798554315625 0.6961051515625 0.8148595921874999 0.7034557921875 0.8025538062500001 0.7149212765625 0.821772721875 0.7914678 0.8327548625000001 0.8107663078125 0.8514293546875 0.8171875 0.8915310296875001 0.8171875 0.913524196875 0.8162144453125 0.9546195187500001 0.8153458546874999 0.9842304546875 0.8159350453125 0.9984375 0.8158593125 0.9984375 0.7568664359375 0.9878778859375 0.75911095 0.9563862437499999 0.7589215328125001
0 0.922447928125 0.7223752593749999 0.9269882328125 0.7367277015625 0.936878165625 0.74803225 0.9625157906249999 0.75209285 0.98118574375 0.7578125 0.9892114234375 0.7578125 0.9984375 0.6995613406250001 0.9984375 0.6361002921875001 0.9320307890624999 0.655726009375 0.922447928125 0.7223752593749999
0 0.8036682562499999 0.5587485703125 0.7853547843750001 0.5500359 0.7618663125 0.5414867953125 0.6913076453125 0.5413943421875 0.6818511484374999 0.5645647984375 0.7952555218749999 0.56875 0.80625 0.56875 0.80625 0.5667599328125 0.8036682562499999 0.5587485703125
0 0.7927130703125 0.634597825 0.6847307375 0.6388704640625 0.68739784375 0.6629343609375 0.7584251015625 0.6640625 0.79375 0.6640625 0.79375 0.6569931687499999 0.7927130703125 0.634597825
0 0.1409966546875 0.5018955468749999 0.13035501249999998 0.479574696875 0.1129094109375 0.47148315625 0.0000503484375 0.48419265625 0.0000503484375 0.5137364578125 0.010783740625 0.5734375 0.0403504265625 0.5734375 0.0656215953125 0.568065946875 0.10719788125 0.5602119296875 0.153125 0.55044981875 0.153125 0.5491047046875 0.15095729375 0.5302610421875 0.1409966546875 0.5018955468749999
0 0.16875449843749998 0.5848397703125 0.1849692140625 0.5909675515624999 0.20413919531250002 0.6013486765625 0.21495240937500001 0.6225432468750001 0.24870729531250002 0.628125 0.2900301765625 0.628125 0.2984375 0.614663534375 0.2984375 0.606188125 0.29702391875 0.5976727765625001 0.28282781562500003 0.596014584375 0.2545805578125 0.59760035625 0.2251089515625 0.60243019375 0.2060839921875 0.5969512109374999 0.2842610484375 0.55521169375 0.2729338296875 0.48477950468750003 0.2684639578125 0.4739659953125 0.26013432812500004 0.4671875 0.259667034375 0.4671875 0.1522516859375 0.5194218921875 0.16875449843749998 0.5848397703125
0 0.3273939984375 0.568600759375 0.308423615625 0.5743439015625 0.3052556125 0.595287590625 0.3486679515625 0.615625 0.357391234375 0.615625 0.3640625 0.612301259375 0.3640625 0.6048922109375 0.3629092515625 0.5789553328125 0.3273939984375 0.568600759375
0 0.28581688125000004 0.5778439953125 0.28496804375 0.578119021875 0.283883075 0.579686128125 0.24928658750000002 0.5907568375000001 0.2749012921875 0.5921875 0.2875 0.5921875 0.2875 0.5778439953125 0.28581688125000004 0.5778439953125
0 0.308060940625 0.41324954218750004 0.3068765015625 0.42136054375 0.327481771875 0.449595071875 0.32103503906249997 0.46434869375 0.31340155625 0.467719784375 0.2775620859375 0.5465459703125 0.27744625 0.5466831562500001 0.3281195390625 0.5703125 0.33271630625 0.5703125 0.3796875 0.4748598515625 0.3796875 0.4673520703125 0.3734039921875 0.45324915624999995 0.308060940625 0.41324954218750004
0 0.25367204062500004 0.42406042812500006 0.241109215625 0.4240145375 0.2275068765625 0.42000414218750004 0.22817304843750003 0.41217099375000005 0.22561122031249997 0.3955830765625 0.222948284375 0.3931331671875 0.136472771875 0.382966096875 0.135198453125 0.42110171249999995 0.251649534375 0.4296875 0.265625 0.4296875 0.265625 0.4260297546875 0.25367204062500004 0.42406042812500006
0 0.7422482859375 0.5303034390625 0.792112821875 0.5210010296875 0.8136420687499999 0.51253496875 0.7893537046875 0.41655917656249997 0.67396729375 0.42630767968749994 0.701775309375 0.559375 0.703914696875 0.559375 0.7274464578125001 0.539932896875 0.7422482859375 0.5303034390625
0 0.9196199453125 0.50592734375 0.9265832921875001 0.46901919531249997 0.9308786078125 0.42454656249999995 0.8228285937500001 0.4086735 0.81304256875 0.42914041718749996 0.8234646781249999 0.525779375 0.8911086156250001 0.543211709375 0.9010054125 0.529085334375 0.9196199453125 0.50592734375