0 1 0.9321113359375 0.9795766078125 0.94453313125 0.9216173 0.9291913421875 0.8423598312499999 0.9055634859374999 0.75556355 0.8907250453125 0.698699671875 0.8830598546875 0.6696276937500001 0.8700997390625 0.6624920859375 0.8468996140625 0.65206605625 0.6902804 0.474519015625 0.7645652765625 0.5604380124999999 0.784228959375 0.5702014125 0.7927162890624999 0.45466446562499996 0.8389836390625 0.20748102343750002 0.7798081812500001 0.3316522890625 0.732428090625 0.3606235515625 0.739618190625 0.36162722812500003 0.6318599328125 0.34336574531249997 0.6295301109375 0.30369190156250003 0.6178920671875 0.299880528125 0.6198825421875 0.2954436625 0.6411233937499999 0.2831323328125 0.6519199515625 0.2678700578125 0.658920121875 0.18862937500000002 0.6362540015625 0.18306343125 0.64789485 0.183715096875 0.6852287593749999 0.180537190625 0.778595409375 0.1820019921875 0.8074289625000001 0.17486604687500001 0.8392985906250001 0.16457787031249999 0.855831646875 0.149349240625 0.8647551984374999 0.10118690625 0.8598240796875001 0.10268527812499999 0.8905809640625 0.10123285468750001 0.9175415093750001 0.091956253125 0.93694285 0.07303375625 0.9545886125 0.0037074749999999996 0.9490649031249999 0.0035584515625 0.9984375 0.49585735781249995 0.9984375 1 0.990728640625 1 0.9321113359375
0 0.9616294046875 0.8057174249999999 0.93535216875 0.8082493749999999 0.9147560703125001 0.8131546015625 0.8871606796875 0.8180657046875 0.85414940625 0.8215280406250001 0.8256299531250001 0.8267040734375 0.8018524859375 0.8205145515625001 0.7839910453125001 0.7896151812500001 0.763842321875 0.7193482312499999 0.7159461140625 0.75809688125 0.653914409375 0.7627932453125 0.6912587859375 0.8882478781250001 0.7065902296875 0.8998610078124999 0.7233105 0.9015625 0.7504147031249999 0.9015625 0.76799980625 0.9012632296875 0.83441639375 0.8922244312500001 0.897272684375 0.888208853125 0.9563038046875001 0.8882919859375 0.99460224375 0.889317040625 0.9984375 0.8854320640625 0.9984375 0.8123180953125001 0.9865961750000001 0.8125664890625 0.9616294046875 0.8057174249999999
0 0.9576232375 0.7505589859375 0.937396421875 0.7542023234374999 0.91958924375 0.7507353250000001 0.9083443734375001 0.7375375515625 0.8970345953125 0.716122634375 0.8909018062499999 0.694780934375 0.8786296874999999 0.6654933890625 0.8668902578125 0.6751510015625 0.783799409375 0.6889902890624999 0.7919078374999999 0.7132063328125 0.8091622624999999 0.7179157671875 0.7988015765625 0.7311651390625 0.8297583906250001 0.80376275 0.8436242765624999 0.8211056749999999 0.8568819421875 0.8234375 0.8748102328125 0.8234375 0.8898725531249999 0.820866921875 0.92425148125 0.8138516296875 0.9647049750000001 0.8065650078125 0.9940435203125 0.8025147734375 0.9984375 0.8017948046875001 0.9984375 0.7421036187500001 0.9887567984375 0.7458196921875 0.9576232375 0.7505589859375
0 1 0.68901540625 0.9919528906249999 0.6234769531250001 0.9907670421875 0.6234769531250001 0.9241649734375 0.6658490265625 0.9333243640625 0.7325577921875001 0.9416448531249999 0.7451027671875 0.95408409375 0.753125 0.9552315968749999 0.753125 0.980031340625 0.750079975 1 0.7504399453125 1 0.68901540625
0 0.7760891078125 0.53424225625 0.751230128125 0.536855040625 0.6877718875000001 0.5677028281250001 0.6892936875 0.590625 0.6940559296875 0.590625 0.803125 0.5423230921875 0.803125 0.5410753781250001 0.7963685296875 0.53404505625 0.7760891078125 0.53424225625
0 0.6832052015625 0.6435705609375 0.6875075734375 0.6671875 0.69129168125 0.6671875 0.79375 0.661656425 0.79375 0.65856318125 0.7906264515625 0.6317758640625 0.6832052015625 0.6435705609375
0 0 0.5080010890625 0.0079954046875 0.571361671875 0.018591271875000003 0.571875 0.035496473437499995 0.571875 0.06287161875 0.5675392031250001 0.104801971875 0.561871884375 0.15 0.5547132203125 0.15 0.5340172796875 0.1416064703125 0.5054043125 0.13214759375000001 0.4825571125 0.1151493828125 0.4735636296875 0 0.48045565156250003 0 0.5080010890625
0 0.1824011515625 0.4870850953125 0.16285412500000002 0.5516587390625001 0.1735968078125 0.5652624687500001 0.1846820140625 0.5840341 0.1830347390625 0.6077706093749999 0.20996067031250001 0.630677896875 0.24083153125 0.65 0.2469130578125 0.65 0.2605231484375 0.6430613390625 0.266192990625 0.6287224078125 0.25487858750000003 0.6199895265625 0.22984922968750002 0.606800384375 0.20209958125 0.5957613640625 0.1886138921875 0.5812663796875001 0.2771221484375 0.585752790625 0.3036880890625 0.5195466734374999 0.3046875 0.512892628125 0.3046875 0.5059311281250001 0.3017007625 0.497663203125 0.1824011515625 0.4870850953125
0 0.36399042656249997 0.5826458999999999 0.3297520765625 0.568635696875 0.31028529374999997 0.5723644328125 0.304945434375 0.5928622421874999 0.34785715625 0.61875 0.35410181875 0.61875 0.3619890703125 0.6158037000000001 0.36399042656249997 0.5826458999999999
0 0.282935403125 0.57207270625 0.281248153125 0.57338868125 0.28076459531250003 0.575232359375 0.25280711718750004 0.596875 0.25400505 0.596875 0.2875 0.5867602562500001 0.2875 0.5815300953125 0.2836789671875 0.57207270625 0.282935403125 0.57207270625
0 0.344683359375 0.431803721875 0.268072740625 0.43250866875 0.27136645625 0.4400148453125 0.3038027359375 0.45303995312499995 0.306153825 0.46896798281249996 0.3014666703125 0.47587195937500004 0.31274188281250004 0.5609375 0.3205774078125 0.5609375 0.371875 0.554638946875 0.371875 0.5493182187500001 0.361062275 0.4428451203125 0.344683359375 0.431803721875
0 0.2536725078125 0.4218208953125 0.24111573593750002 0.42221346875 0.227381721875 0.41868023125000003 0.22777411406249998 0.41082860468750004 0.2246349359375 0.3943402 0.221888121875 0.3919847171875 0.1351104640625 0.3848417921875 0.1351678328125 0.42299865 0.2272372875 0.4265625 0.2640625 0.4265625 0.2640625 0.42316216874999996 0.2536725078125 0.4218208953125
0 0.687870334375 0.41157320625000005 0.685012115625 0.5484375 0.6861749390624999 0.5484375 0.7144187203125 0.5343164093749999 0.7310073359375 0.5282634421875 0.78168643125 0.5304165328125 0.803125 0.527225328125 0.803125 0.45819511406249996 0.802492334375 0.42803085156250004 0.687870334375 0.41157320625000005
0 0.810752975 0.509017340625 0.8700949093749999 0.5453125 0.8705399437500001 0.5453125 0.8839389796875 0.5348495609375 0.9085108859375 0.518145828125 0.925960865625 0.48488627656250005 0.9421875 0.4457440046875 0.9421875 0.44319398750000005 0.8444517890625001 0.396875 0.84435325625 0.396875 0.8290407578125001 0.413553915625 0.810752975 0.509017340625