0 1 0.9399821328125 0.9769643671875 0.9534476875 0.9192816374999999 0.9370967046875001 0.840448603125 0.9120892140624999 0.7539245078125 0.895738228125 0.6972030671875 0.8870817953125 0.6683617015625 0.8736162765625 0.6616320796874999 0.8502951515625 0.65394101875 0.69351783125 0.4751245703125 0.764692771875 0.560687303125 0.7858529515625 0.570301090625 0.794509384375 0.45397426406249997 0.8387532890625 0.2078612234375 0.7752728984374999 0.3328404734375 0.7300671109375 0.3616818390625 0.7377617359374999 0.3645660046875 0.63003740625 0.3463479640625 0.62738923125 0.3068832734375 0.6150605578125 0.3030377421875 0.6169842109375 0.2982308484375 0.6381443921875001 0.28573296875 0.6487244453125001 0.2703508484375 0.655457184375 0.1915178125 0.6314115765625 0.1857495546875 0.6429535125 0.1857495546875 0.6802931109375 0.1809426609375 0.7735900765625 0.1819040234375 0.8024448046874999 0.1742129640625 0.8341850390625 0.1636378125 0.8505360218750001 0.14825576406250002 0.8591924375 0.10018682500000001 0.8534215234375001 0.10114818750000001 0.884199871875 0.099225459375 0.9111309640625 0.0896116703125 0.93036745 0.07038409375 0.94768028125 0.0011647734375 0.9409475031250001 0 0.9978365390624999 1 1 1 0.9399821328125
0 0.747219553125 0.87873478125 0.81355470625 0.8883530234375 0.8750828937499999 0.9018185437499999 0.931804334375 0.9181696374999999 0.9683366124999999 0.9297114640625 0.999100853125 0.9123986328125 1 0.8585364500000001 0.9817960046875 0.8537273265625 0.9596842625 0.8402618093750001 0.9337270625 0.8354526874999999 0.9125767578125 0.8344908406249999 0.8846966828125 0.831605375 0.8520098609375 0.8258344453124999 0.8231684953125 0.8229489421875 0.802018190625 0.8104452328124999 0.7933656921875001 0.775819571875 0.7933656921875001 0.702720903125 0.7366443265625 0.7267665125 0.6757211328125 0.7141826921875001 0.6770388671875 0.8450709296875001 0.688575384375 0.86046010625 0.7078029609375001 0.8681546921875001 0.747219553125 0.87873478125
0 1 0.775783825 0.9837187328124999 0.775783825 0.9529546390625001 0.769051065625 0.932765625 0.765203771875 0.9173836515625 0.755585528125 0.9116153203125 0.7392345437500001 0.908731153125 0.715188934375 0.9106538828125 0.6930669468749999 0.909692590625 0.6613267328125 0.895271909375 0.66613585625 0.8127403624999999 0.6492788468749999 0.8116319781250001 0.674792271875 0.8260526609375001 0.6853723406250001 0.8116319781250001 0.6940287578125 0.8145159968750001 0.77289839375 0.8212457671875001 0.7940585 0.8404733437499999 0.8056003796875 0.8645078156249999 0.810409503125 0.899117365625 0.816180471875 0.9394952468750001 0.8238750578125 0.9683366124999999 0.8306078343750001 0.9962166874999999 0.8363787671875 1 0.845997009375 1 0.775783825
0 1 0.6264423078125 0.9275535078124999 0.660942303125 0.9285148703124999 0.7282700796875 0.9352444921874999 0.741735559375 0.946781084375 0.751353803125 0.972738284375 0.751353803125 1 0.7552010796874999 1 0.6264423078125
0 0.7784807265625 0.5378287984375001 0.7534848171874999 0.5378287984375001 0.6871497359375 0.5618744062500001 0.6861882984375 0.5868818250000001 0.805399290625 0.5484088515625001 0.79866966875 0.5397524546875 0.7784807265625 0.5378287984375001
0 0.6877403625 0.6300480765625001 0.6861882984375 0.6542095265625 0.7909786078125001 0.6744078578125 0.7948241375 0.644591284375 0.6877403625 0.6300480765625001
0 0.09752885156249999 0.5664905796874999 0.144636428125 0.5664905796874999 0.14655915625 0.546292284375 0.1427137 0.516475709375 0.1369453671875 0.4924301015625 0.121563321875 0.4808882375 0.00331376875 0.4693463390625 0.000429603125 0.5607196484375 0.023502709375 0.5655287718750001 0.055228165625000006 0.5655287718750001 0.09752885156249999 0.5664905796874999
0 0.2003964296875 0.6184291078124999 0.233083253125 0.6318946640624999 0.27153840625000003 0.64151290625 0.28499772343749996 0.6280473515625 0.2859590890625 0.6126581390625 0.27249984375 0.60784901875 0.24461984062500003 0.603039896875 0.21481711250000002 0.6011162765625 0.1975122640625 0.591498034375 0.2830749953125 0.568414309375 0.2878818890625 0.49723922343750004 0.2859590890625 0.48569736093750004 0.279229465625 0.477040925 0.162499978125 0.503846153125 0.1638640046875 0.5712997015625 0.17828468749999998 0.5809179453125 0.1946280984375 0.5953453093750001 0.2003964296875 0.6184291078124999
0 0.355178409375 0.6155436421875 0.365753559375 0.608810865625 0.3608172859375 0.5759615390625 0.3244142421875 0.5693760453125 0.306148103125 0.5770706703124999 0.305186665625 0.5982307734375001 0.355178409375 0.6155436421875
0 0.2847928359375 0.5789269734375 0.2836538359375 0.5804552593750001 0.24869206250000003 0.590311825 0.2875396203125 0.5938450625 0.2875396203125 0.5781418078125 0.2847928359375 0.5789269734375
0 0.3666027859375 0.448236459375 0.3516915625 0.4352812765625 0.2755660765625 0.42664448281249995 0.27792046875 0.4344961109375 0.3085276125 0.4513771203125 0.3089200390625 0.46747295 0.3034264375 0.4737542453125 0.3042582328125 0.5603414453125 0.3042112265625 0.5605147328125 0.364248365625 0.5605147328125 0.3666027859375 0.448236459375
0 0.254060465625 0.4226737671875 0.2415036921875 0.423066340625 0.22776967812499999 0.41953310312500003 0.228162071875 0.4116814765625 0.22502289375 0.39519307187499997 0.2222760796875 0.3928375890625 0.13549842031249998 0.38569466406249997 0.135555790625 0.42385152187499997 0.26740202343749997 0.42895506250000004 0.266224815625 0.42424409843750005 0.254060465625 0.4226737671875
0 0.7824623703125 0.5295835796875 0.8052813437499999 0.5257787046875 0.8014782281249999 0.42685037968749995 0.686586459375 0.41239567031249996 0.6861152734375 0.5498766390625 0.7152729640625 0.534656846875 0.7317534140624999 0.5283152890625 0.7824623703125 0.5295835796875
0 0.9193764968749999 0.5067539859375 0.9269829187499999 0.46997298593750003 0.9320537359375001 0.42558208906250006 0.8242972015625 0.40782570937499996 0.8141554687499999 0.42811872187500005 0.822889409375 0.5249248515625 0.8902188078125001 0.54353508125 0.9003606375000001 0.5295835796875 0.9193764968749999 0.5067539859375