0 0 0.95024490625 0.0147665796875 0.9953125 0.0222804578125 0.9953125 0.0296875 0.9942740484374999 0.0296875 0.992061621875 0.00078223125 0.9005773890625001 0 0.9019179421875 0 0.95024490625
0 0.7034911890625 0.9823130250000001 0.69216861875 0.9984375 0.70625 0.9984375 0.70625 0.994660565625 0.7034911890625 0.9823130250000001
0 0.6903568703125 1 0.686860703125 0.999148653125 0.68211225625 0.9411085312499999 0.7002410921875 0.9078231625000001 0.6960829484375 0.8464061375 0.6847485640625 0.8651207546874999 0.677494871875 0.8627817625 0.6933107093750001 0.8299830406250001 0.6860239484374999 0.7952809281250001 0.7015625 0.7663297765625 0.7015625 0.765428246875 0.688160375 0.757146875 0.65838466875 0.821001084375 0.6513595203125 0.8192904203125 0.6663749078125 0.7803793203125 0.6466408984375 0.7701337265625 0.5831008640625 0.9108693703125 0.5773034578125 0.9076442531250001 0.542789015625 0.983897415625 0.5353067671875 0.9809301171874999 0.5418998187499999 0.9682309421875 0.457880459375 0.9269651015625 0.45816807812500004 0.92826415625 0.42641998281250004 0.9910771640625 0.41671250468750004 0.9903241296875 0.450969075 0.9216553234375 0.3653554140625 0.8801322671875 0.42065286874999996 0.7593096906250001 0.41931029375 0.7565967125 0.4256190078125 0.7397124828125 0.4386392640625 0.7285665984375 0.45368770625000004 0.7220186359375 0.4756188609375 0.7197235953125001 0.49400926875 0.7194296640625 0.5024885359375 0.7046010671875 0.450940871875 0.6831726734375 0.4473725234375 0.6919434703125 0.4418323109375 0.6904035015625001 0.4474851796875 0.6805177828125 0.43097830625 0.6722987703125 0.414449225 0.7099822953125 0.40828083125000003 0.70867111875 0.428816346875 0.6614729625 0.44149301875 0.6436925687499999 0.432463178125 0.6386044296875 0.4298227625 0.646147846875 0.41512590625 0.641926996875 0.40517044062499996 0.6530077828125 0.386825321875 0.650643971875 0.3716260953125 0.6453252140625 0.35884974999999997 0.663245775 0.35483198125 0.6604878578125 0.36121938125 0.64489438125 0.36107351875 0.6395200828125 0.3625241375 0.626930821875 0.35148855 0.6297442656250001 0.3316002640625 0.6761861312499999 0.2907496234375 0.68985920625 0.23774520781250003 0.665142840625 0.029183840625000002 0.7332681140624999 0.0001211203125 0.7975681406249999 0.0001211203125 0.8161107484375 0.394472890625 1 0.6903568703125 1
0 0.46815265000000006 0.8151510921874999 0.45746022656249996 0.810098721875 0.4277800296875 0.7698317796875 0.3822504578125 0.8711520531250001 0.46101568281249994 0.9015625 0.462824040625 0.9015625 0.496875 0.8295362703125001 0.496875 0.8273831078124999 0.486676640625 0.8235277421875 0.46815265000000006 0.8151510921874999
0 0.5726880390625 0.9015625 0.576284084375 0.9015625 0.5921875 0.8479784015625 0.5921875 0.8470016296875 0.5718613078125 0.8319899171875 0.5433161453124999 0.8445245796874999 0.53924805625 0.8432808390625001 0.5494893140625 0.816249853125 0.537875321875 0.8122046218750001 0.5400128015625001 0.8019799937500001 0.5189256359375001 0.7984375 0.5166637749999999 0.7984375 0.48989001875 0.8786255046875 0.5726880390625 0.9015625
0 0.5533834765625001 0.7973219625 0.5449163953125 0.799465565625 0.543588734375 0.8051781859375 0.543588734375 0.807354759375 0.564872546875 0.809375 0.5713372718749999 0.809375 0.575 0.80687870625 0.575 0.7914345875000001 0.5657112125 0.7946282703125 0.5533834765625001 0.7973219625
0 0.5840409421875 0.784919103125 0.5817324687500001 0.8068827640625 0.571875 0.8164199249999999 0.571875 0.8165586765624999 0.58411978125 0.8234375 0.5878283015625 0.8234375 0.5921875 0.79044601875 0.5921875 0.7820574046875 0.5915888390624999 0.7816749125 0.5840409421875 0.784919103125
0 0.5464233375 0.8296875 0.5478926921875 0.8296875 0.559375 0.8208742265625 0.559375 0.8184718359375 0.5464072671875 0.8187372249999999 0.5464233375 0.8296875
0 0 0.8471101890625 0.00560593125 0.8491576593750001 0.00830161875 0.8546875 0.010870571875 0.8546875 0.025 0.8160362062500001 0.025 0.8091280624999999 0.009059867187499999 0.8036394359375001 0 0.8299512 0 0.8471101890625
0 0.1319153453125 0.8139802421875 0.0408050015625 0.7853861828124999 0.025800198437499998 0.8284605671874999 0.0259712375 0.8310398156250001 0.0243395296875 0.8360616984375 0.030431756250000004 0.839050659375 0.028800042187500003 0.844072559375 0.00867430625 0.85166585625 0.0246352421875 0.8553376734375 0.0237565625 0.8595947921875 0.0152909296875 0.8639104218749999 0.009126571875 0.87942909375 0.0087527203125 0.882480128125 0.1930795453125 0.7949891484375 0.20746636875000002 0.7910832328125 0.209375 0.7861140984375 0.209375 0.7812113265625 0.20844805156250001 0.780298053125 0.1319153453125 0.8139802421875
0 0.1890625 0.773242678125 0.1890625 0.7731054765625001 0.1839544578125 0.7670990015625 0.12772759218750002 0.8067327531249999 0.13615446250000002 0.8122798046874999 0.1890625 0.773242678125