0 0.4537004890625 1 0.8890625 0.8914520593749999 0.8890625 0.8818209921875001 0.649872615625 0.9381588546874999 0.5785902843749999 0.8059194515625 0.5703166171875 0.7465335765625001 0.5404120125 0.75282345 0.5319161 0.7374487328125 0.52123255 0.7086251 0.5113776015625 0.6690990625000001 0.500970303125 0.636707921875 0.5421253609375001 0.6241143625000001 0.5371930328125 0.6136821375 0.519905290625 0.6238234515625 0.514975384375 0.6087258109375 0.5048246875 0.61009048125 0.4905512734375 0.5974477625 0.4793605703125 0.5942903 0.44694449531249997 0.60336380625 0.46335613281250004 0.6552786328125 0.5024346390625001 0.84777931875 0.5052258390625 0.8609611421875 0.3155972171875 0.9078375265625 0.270968665625 0.7380481062500001 0.2829852546875 0.7226611671875001 0.2808931421875 0.7102963 0.2393815359375 0.7226288484375 0.240259175 0.7286824625 0.24886856875 0.7632128578125 0.246769203125 0.7647275625 0.24583639375000002 0.7649601374999999 0.2387353 0.74442708125 0.231615540625 0.7595843671875 0.23742750781250002 0.7928297046874999 0.23532814531250001 0.794344425 0.2302069421875 0.7777784171875 0.229624196875 0.7774280859375 0.22462040781249998 0.7593459124999999 0.2176232140625 0.7630730453125001 0.21983266875 0.77392176875 0.221115575 0.7731062859375 0.2285605015625 0.8049531890624999 0.225179265625 0.8053006 0.2192457625 0.781502621875 0.21772917500000002 0.783367646875 0.2032610984375 0.8048178109374999 0.21047021093749999 0.841679865625 0.20522335468750003 0.8424924062500001 0.19428190625 0.8085434546875 0.18973517499999998 0.8081902031249999 0.19078016250000002 0.8163554312500001 0.1861171203125 0.8155355125 0.187164209375 0.8197351625 0.18879404375 0.8242851468750001 0.1990343046875 0.861382721875 0.1951856328125 0.8638292234374999 0.1856403015625 0.8354797921875001 0.168605415625 0.8605437234375 0.1795406453125 0.906389453125 0.174292721875 0.9091848078125 0.158576009375 0.8660181343750001 0.14889772968749998 0.868926828125 0.14924366718749998 0.8762750968749999 0.14318030937499998 0.8777868609375 0.140269671875 0.870086790625 0.1134494609375 0.8797476203124999 0.1225211171875 0.92209291875 0.11459212968750002 0.9240698374999999 0.107039175 0.8758939109374999 0.10427652031250001 0.8816148296874999 0.0350478453125 0.983684075 0.0386124953125 1 0.4537004890625 1
0 0.145067021875 0.79375 0.1486962921875 0.79375 0.15625 0.7912513624999999 0.15625 0.7883190953125 0.1506012234375 0.765625 0.1501791875 0.765625 0.139091084375 0.7683291718749999 0.145067021875 0.79375
0 0.163724459375 0.7875 0.1828125 0.77139174375 0.1828125 0.7658578203124999 0.1680221328125 0.7640625 0.1658453078125 0.7640625 0.16317146875 0.7875 0.163724459375 0.7875
0 0.1135109125 0.7953125 0.11845690625000001 0.7953125 0.1359375 0.790268465625 0.1359375 0.7846811921875 0.1312141890625 0.7681264578125 0.1135109125 0.7953125
0 0.1649897265625 0.7466975062500001 0.1640625 0.7523473359375 0.1640625 0.759375 0.184375 0.759375 0.184375 0.7488343046875 0.169824471875 0.7466975062500001 0.1649897265625 0.7466975062500001
0 0.22433585156250002 0.722451928125 0.20863324374999997 0.725220721875 0.2111354078125 0.740625 0.21294475781250002 0.740625 0.22808481249999998 0.7234583609375 0.22433585156250002 0.722451928125
0 0.24733402031249999 0.7015625 0.2478621171875 0.7015625 0.2578125 0.6946123640625 0.2578125 0.6929747093749999 0.2493278390625 0.6908542890625 0.24733402031249999 0.7015625
0 0.2339762796875 0.70625 0.240625 0.70625 0.240625 0.692206221875 0.23260638125000002 0.693085096875 0.2339762796875 0.70625
0 0.17830855625 0.74375 0.180066046875 0.74375 0.1828125 0.73671959375 0.1828125 0.735204225 0.1693575453125 0.740203703125 0.17830855625 0.74375
0 0.1946088625 0.7226366078125 0.1943541984375 0.740625 0.1984375 0.740625 0.1984375 0.722663271875 0.1946088625 0.7226366078125
0 0.2169117515625 0.70625 0.2203125 0.7055298671875 0.2203125 0.696875 0.220040309375 0.696875 0.21264940000000002 0.70625 0.2169117515625 0.70625
0 0.2087499578125 0.711569171875 0.209962978125 0.7203125 0.2203125 0.7203125 0.2203125 0.7114285953125 0.2087499578125 0.711569171875
0 0.22478600312500002 0.71875 0.22949281406250002 0.71875 0.2328125 0.7051327125 0.2328125 0.698435765625 0.22831716562499998 0.6986915640625 0.22478600312500002 0.71875
0 0.844228715625 0.75895298125 0.8341424109375 0.7569398953124999 0.8249566953125 0.7482665796875 0.8246575859374999 0.7336316453125 0.8215154109375 0.7199691703125 0.8133292937500001 0.71794140625 0.802071825 0.711755340625 0.8040160265624999 0.6921606062500001 0.7959873484375 0.6857594953125 0.7819009375 0.6824466765625 0.7833304078125 0.6702696171875 0.7395898625 0.5890573703124999 0.6961594046874999 0.5749459609375001 0.6950589875000001 0.5802770953125 0.69877264375 0.5941252859375 0.7025162140625001 0.586492553125 0.714088575 0.5839318812500001 0.717759721875 0.5920775515625001 0.7163019390625001 0.6004529515625 0.7047579328125 0.606815296875 0.6919860484375 0.6014013281249999 0.6868146078125 0.5959285421875 0.6859724125 0.5849096078125 0.6845870859375001 0.5775066484375 0.6798438390625 0.578493775 0.6741576609375 0.5804386828125 0.668285678125 0.5829552859375 0.6663556328125 0.6044508546875 0.690142584375 0.6090193265625 0.70325445625 0.6600532671875 0.68602105625 0.7189255640625001 0.778968034375 0.7478617078124999 0.8357921171875 0.8763062921874999 0.795608959375 0.9984375 0.9480224484375 0.9984375 0.965625 0.944262421875 0.965625 0.9418589640624999 0.8522290312499999 0.7615524390624999 0.844228715625 0.75895298125