0 0.8548181921875001 1 0.85738183125 0.9906602109374999 0.6112688875 0.9874541328124999 0.574095553125 0.8418980484375 0.5804343921874999 0.78227460625 0.549896425 0.781143065625 0.5453723578125 0.7641696953125 0.5419792218749999 0.7336176640625001 0.5419792218749999 0.692881590625 0.539717190625 0.6589348515625 0.582696425 0.656671684375 0.5804343921874999 0.6453561031249999 0.5612067640625 0.65101389375 0.5600757468750001 0.6351720656250001 0.549896425 0.6340405234375 0.5391055437500001 0.6183202953125 0.5290111109375 0.6125493468750001 0.4953628515625 0.6135111734375001 0.4987276609375 0.6678542421875 0.4900752375 0.86409078125 0.48959455468749996 0.8775563 0.29425829062500003 0.8771649406250001 0.29203117500000003 0.7016223671875 0.3074132578125 0.6895995625 0.308374621875 0.67709585625 0.26511257499999996 0.679019509375 0.2644996421875 0.685105625 0.2644996421875 0.720693121875 0.2620961953125 0.72165495 0.2611348296875 0.72165495 0.259212065625 0.700013903125 0.2486369140625 0.7129985265625 0.24623346562499998 0.746662378125 0.24383001875 0.7476242234375 0.2428686171875 0.730311365625 0.242387934375 0.7298304609375 0.241907253125 0.7110748796874999 0.23421623125000002 0.7129985265625 0.23373551250000002 0.7240595125 0.23517759374999997 0.7235786156249999 0.23469691093749998 0.7562806203125 0.23133206562500003 0.755799715625 0.23133206562500003 0.7312731953125 0.22940933593750001 0.732715925 0.210181759375 0.750028784375 0.2082589921875 0.7875399203125 0.20297141875000002 0.7870589953125 0.20056797187500003 0.751471496875 0.1962417578125 0.750028784375 0.1952803578125 0.7582042765625 0.1909541828125 0.7562806203125 0.1909541828125 0.7606088359375 0.1914348625 0.765417959375 0.19239622812499999 0.8038909203125 0.1880700171875 0.8053336734375 0.1856665703125 0.775517115625 0.1630741796875 0.7957154296875 0.1625935 0.8428448171875 0.1568252046875 0.84428755 0.152018309375 0.79860089375 0.1419238390625 0.7990818 0.14048179375 0.8062954828125 0.134232815625 0.8062954828125 0.1332714515625 0.7981199906249999 0.10491075000000001 0.8010054562500001 0.10346868437500001 0.84428755 0.0952969609375 0.84428755 0.0996231734375 0.7957154296875 0.09555856562500001 0.8005980656249999 0.0036934921875 0.8828874859375 0.0002670703125 1 0.8548181921875001 1
0 0.1422373296875 0.76665103125 0.14139488281249998 0.7938960546875 0.153587971875 0.79319229375 0.154056946875 0.766918065625 0.1422373296875 0.76665103125
0 0.1639305765625 0.76459896875 0.164139690625 0.7889696421875 0.182194865625 0.769498584375 0.183367278125 0.764572153125 0.1639305765625 0.76459896875
0 0.1085673125 0.7941306609375001 0.1345948828125 0.7927230984375 0.133442771875 0.77016885625 0.1085673125 0.7941306609375001
0 0.1667190140625 0.747916165625 0.164223728125 0.7481824593749999 0.16343625312500001 0.7617570546875 0.1850086484375 0.7601149140625 0.1838362359375 0.7486199375 0.1667190140625 0.747916165625
0 0.20986380468750002 0.7232840796875 0.2096293265625 0.7406438390625001 0.22932589218750002 0.724926221875 0.22580865156250002 0.7232840796875 0.20986380468750002 0.7232840796875
0 0.2478500046875 0.7028746390625 0.2593396390625 0.69325639375 0.248944646875 0.691604128125 0.2478500046875 0.7028746390625
0 0.2331144421875 0.6921904328124999 0.23284312968749998 0.706862690625 0.24292585625 0.706393509375 0.24292585625 0.69231803125 0.2331144421875 0.6921904328124999
0 0.18196038750000001 0.7326677312500001 0.17117417031249998 0.7432243390625 0.18242934375 0.74275515625 0.18196038750000001 0.7326677312500001
0 0.19559098749999998 0.723264540625 0.194622434375 0.742989753125 0.20142243437500001 0.74275515625 0.20165691406250003 0.723518675 0.19559098749999998 0.723264540625
0 0.21173967500000002 0.706862690625 0.221353459375 0.7056897328125 0.2216815140625 0.696294559375 0.21173967500000002 0.706862690625
0 0.221353459375 0.72071229375 0.221353459375 0.7117978265625 0.2091603703125 0.7110940453125 0.20986380468750002 0.7214160656249999 0.221353459375 0.72071229375
0 0.22549249062499999 0.6986397734375001 0.2262776078125 0.7209468828125 0.2307327640625 0.72071229375 0.231436221875 0.6970185671875 0.22549249062499999 0.6986397734375001
0 1 0.8859165078125001 0.8356935359375001 0.7488565484375 0.8272815078125 0.7488565484375 0.8170667843749999 0.75005883125 0.8056504468749999 0.7446485593750001 0.800843534375 0.730822340625 0.7936332109374999 0.7187995390624999 0.7852211375 0.71940066875 0.7726030484375 0.7169961218750001 0.7683969875 0.6977596296875 0.758783209375 0.694152809375 0.74436251875 0.695355071875 0.7419591078125001 0.68333226875 0.6752634140625 0.61961140625 0.629597928125 0.61961140625 0.6301987812500001 0.6250216656250001 0.638010003125 0.6370444921875 0.63921170625 0.6286285078125 0.649426384375 0.62261710625 0.655435003125 0.6292296515625 0.6566367093750001 0.6376456109374999 0.64762378125 0.64726385625 0.6338039875 0.64606159375 0.627194471875 0.6424547281249999 0.6229884593749999 0.6322353515625 0.6193832953125 0.6256228078125 0.6151772375 0.6280273656250001 0.6103703703125001 0.631634209375 0.60556345625 0.6358421828124999 0.6103703703125001 0.6568821015624999 0.634404840625 0.6538764015625 0.6626453265625 0.6983607734375 0.6644479296875 0.7596770671875 0.7617875187500001 0.75847478125 0.8555219921875 0.8630732312499999 0.8550180140625001 0.9992487984375 1 1 1 0.8859165078125001