0 0.4566777609375 1 0.891660721875 0.8752706437500001 0.8915506546874999 0.8655860265624999 0.6540879937499999 0.9303420687499999 0.578233996875 0.8006709390625 0.5678928328125 0.7416099875 0.538225959375 0.748939684375 0.5291986515625 0.7338708359375 0.5175156796875 0.7054376140625 0.5062872953124999 0.6662795874999999 0.494755903125 0.6342713875 0.53544638125 0.620249209375 0.5301529781250001 0.6099954750000001 0.5132296937499999 0.6207339453125 0.507775890625 0.605817553125 0.497679003125 0.6075356453125 0.4829730609375 0.5953987625 0.4716789796875 0.5926337734375 0.43959931250000006 0.6028330578125 0.4578127546875 0.6541435015625 0.5035856328125 0.8451631000000001 0.5068351703125 0.8582394828125001 0.318958028125 0.9117052546875 0.268431096875 0.7435767796875 0.2799033703125 0.727779840625 0.277381003125 0.71549551875 0.23632508593749998 0.7292692890625 0.2374134578125 0.7352885859375 0.2472227015625 0.769497484375 0.24517747499999998 0.7710845328125 0.2442533515625 0.7713495203125 0.236439990625 0.751076796875 0.22985355 0.766473325 0.23682222187500002 0.7994955765625 0.2347770015625 0.801082640625 0.2290807734375 0.7847054515624999 0.22848615625000002 0.7843756703125 0.22285435625 0.7664791421875 0.21599149999999998 0.7704482031250001 0.218578225 0.7812132093749999 0.2198318890625 0.78035345 0.228383721875 0.8119211296875 0.22501666875 0.8123863312499999 0.21825624375000002 0.7888099265624999 0.2168056671875 0.79072674375 0.20309500625000002 0.8126687703125001 0.21158619375 0.849256775 0.206370890625 0.8502519328125 0.19425130468750001 0.8167055140624999 0.189695015625 0.81651115625 0.1910243296875 0.824634940625 0.1863355125 0.823978259375 0.1875285296875 0.8281388078124999 0.1893161625 0.832629140625 0.200844871875 0.8693467359374999 0.197083928125 0.8719260640625001 0.18655502968749998 0.843927028125 0.1704052390625 0.8695702015625001 0.18293379999999998 0.91500636875 0.1777866296875 0.9179831703125 0.16057299687499998 0.8753912984375001 0.15100212500000001 0.8786359875 0.151604303125 0.88596770625 0.1455973984375 0.8876901578125 0.14241980625 0.880096359375 0.11595309218750001 0.890687315625 0.1264970515625 0.932690221875 0.1186418859375 0.934942653125 0.10941221718750001 0.8870596687500001 0.10685090312500001 0.8928735171875 0.041226565625 0.99729663125 0.041916859375 1 0.4566777609375 1
0 0.1378226328125 0.7691676000000001 0.1458520390625 0.7921875 0.152817384375 0.7921875 0.1578125 0.78993176875 0.1578125 0.789552575 0.14895289218750002 0.7651811265624999 0.1378226328125 0.7691676000000001
0 0.162665375 0.766770659375 0.166131159375 0.7875 0.16833909375 0.7875 0.18125 0.768242453125 0.18125 0.7631102484375 0.162665375 0.7660800531249999 0.162665375 0.766770659375
0 0.10959921718750001 0.7921875 0.134375 0.7921875 0.134375 0.771450984375 0.10959921718750001 0.7921875
0 0.1690856671875 0.74535731875 0.1665493921875 0.74535731875 0.1622740625 0.7563116375 0.1622740625 0.7576454375 0.18226878124999998 0.7625 0.1828515859375 0.7625 0.184375 0.7554398124999999 0.184375 0.751011578125 0.1691977171875 0.7453809484375 0.1690856671875 0.74535731875
0 0.2132131265625 0.720602890625 0.207087840625 0.7359375 0.209259015625 0.7359375 0.2296875 0.729461346875 0.2296875 0.7279635875 0.228098925 0.7263170125 0.2132131265625 0.720602890625
0 0.24789080624999998 0.7 0.2508444671875 0.7 0.25625 0.694010540625 0.25625 0.6919680984375 0.24754006875 0.6918112734374999 0.24789080624999998 0.7
0 0.23125 0.7038097718749999 0.23125 0.7046875 0.241640859375 0.7046875 0.24375 0.6988926828124999 0.24375 0.6939115890625 0.2361672421875 0.69103948125 0.23125 0.7038097718749999
0 0.181071534375 0.732411225 0.17238675625 0.7421875 0.18125 0.7421875 0.18125 0.7339392390625 0.181071534375 0.732411225
0 0.1918042953125 0.7247362140625 0.197202665625 0.7421875 0.20114859375 0.7421875 0.2015625 0.7420204734375 0.2015625 0.734239221875 0.19759131875 0.722900353125 0.1918042953125 0.7247362140625
0 0.2109375 0.704896715625 0.21509166249999997 0.70625 0.219347890625 0.70625 0.221875 0.701290228125 0.221875 0.6995156265625 0.2109375 0.703879034375 0.2109375 0.704896715625
0 0.2078125 0.7137170125 0.2078125 0.714940321875 0.2110312671875 0.721875 0.214710275 0.721875 0.221875 0.7186090703125 0.221875 0.7177733140625 0.21895338125000002 0.7101622375 0.2078125 0.7137170125
0 0.225987790625 0.6993615671875 0.227091553125 0.7203125 0.23125 0.7203125 0.23125 0.69782709375 0.225987790625 0.6993615671875
0 0.9529717640625 1 0.9703125 0.939525665625 0.9703125 0.9362752140625 0.8508050687500001 0.760201103125 0.842718909375 0.757882434375 0.8325684921875001 0.7562225828125 0.8230856765624999 0.7478751265625 0.8222759984374999 0.7332595484375 0.818658925 0.7197150546875 0.8104070265625 0.717974215625 0.7989405234375 0.7121848 0.80019969375 0.69253415 0.7919525125 0.686417134375 0.777759065625 0.6835979437499999 0.7787626921874999 0.6713784125 0.7322145265625 0.5917421640625 0.6883180453125 0.57915505 0.6874043515625 0.5845213421875 0.691599040625 0.598231490625 0.6950739515625 0.5904727609375 0.706549896875 0.587509778125 0.7105030875 0.5955223640625 0.7093384890625 0.6039435390625 0.6980235593749999 0.6107048890625 0.685070509375 0.60573995 0.679711221875 0.600450978125 0.678484984375 0.5894681484375 0.6768421421874999 0.5821180453125 0.672136234375 0.5832701078125 0.666521396875 0.5854122765625001 0.66074081875 0.588132275 0.659562134375 0.609682109375 0.6834940328125 0.6134176421875 0.698378975 0.6639628984375 0.6832106875 0.7234007671875 0.7771109015625 0.7490754828124999 0.8383830203124999 0.8754586890624999 0.8021720265625 1 0.9529717640625 1