0 0 0.9103796484375 0.0145860765625 0.9954354671875001 0.0121279078125 0.9984375 0.061851484375 0.9984375 0.0890625 0.9955775062500001 0.0890625 0.9931656625 0.061423721875000004 0.8576319265624999 0 0.8802185703125 0 0.9103796484375
0 0.8099669015625001 0.91895619375 0.78881131875 0.9127125578124999 0.7775402203125 0.9218073999999999 0.7677787296874999 0.9110476828125 0.7644839343750001 0.9059348500000001 0.733818003125 0.760009721875 0.694339053125 0.769984946875 0.7104106781249999 0.8566117359375 0.7026813062499999 0.8523608984375001 0.648145390625 0.8203875421875001 0.551911284375 0.8540520109375 0.52798846875 0.730979784375 0.5251867 0.716565940625 0.5514243 0.6976580625000001 0.46593772187500004 0.723480146875 0.4472453515625 0.725962928125 0.4267058265625 0.7149969546875 0.422702440625 0.718076428125 0.4095221015625 0.7252410546875 0.40955260000000004 0.73328965625 0.3971113578125 0.7403106171875 0.38984363125 0.746325909375 0.3931994453125 0.767536059375 0.39473858281249996 0.7833459421875 0.3959696953125 0.8015171499999999 0.4026508234375 0.8358885734375001 0.40197280312499994 0.8521295859375 0.3916562984375 0.8621894015624999 0.2855681765625 0.88856411875 0.27078670312500003 0.8914373453125 0.2588689875 0.897205896875 0.2483989453125 0.8946383984375 0.23583573906250002 0.869464828125 0.2174543828125 0.78673890625 0.2120958453125 0.7946844234375 0.2041815578125 0.7973734515625 0.19506668124999998 0.7899399890625001 0.1375419359375 0.8057243328125001 0.1380034671875 0.8159904062500001 0.129596109375 0.8279804953125 0.1206662015625 0.8136071921875001 0.1185720484375 0.8186168437499999 0.1192490640625 0.8299917578124999 0.1109037359375 0.830463278125 0.11105825312499999 0.8154747890625 0.10757840781250001 0.8173019281249999 0.10360551250000001 0.8284299671875001 0.093042946875 0.829332475 0.082911421875 0.8324524906249999 0.13101390468750002 0.9984375 0.47776831875000003 0.9984375 0.8421875 0.9276515328125001 0.8421875 0.92548665625 0.836912171875 0.9194718390625001 0.8099669015625001 0.91895619375
0 0.4023355609375 0.7788842953125 0.36424287031249997 0.791600109375 0.3254456234375 0.8010014984374999 0.29401293906250003 0.8088375015624999 0.280020390625 0.8118117109374999 0.2668919046875 0.8007452921875 0.25712451718749996 0.743929415625 0.237208309375 0.7516270375 0.2500285859375 0.8228056265625 0.25499215625 0.84253599375 0.265838075 0.853125 0.27732484999999996 0.853125 0.283319325 0.8526812343750001 0.3958258421875 0.8206840921874999 0.4078125 0.817009503125 0.4078125 0.797408475 0.4078007796875 0.797353334375 0.4023355609375 0.7788842953125
0 0.398734290625 0.7381604125 0.3973691578125 0.73081779375 0.39841312812499996 0.725668325 0.382686934375 0.7316846796875 0.393193275 0.75141563125 0.389961090625 0.7515231296875 0.38230216562499997 0.73387594375 0.37660388125 0.735296684375 0.3903358125 0.7660971421875 0.38858245625 0.766534303125 0.3741379265625 0.736609990625 0.30596653906250004 0.7731637 0.29961251093749997 0.7719541328124999 0.29687213125 0.7740342874999999 0.29801979843750004 0.7786373234374999 0.298227221875 0.798142328125 0.2957612078125 0.7994556484374999 0.2950084 0.7758958703125 0.28947749843750004 0.7723856984374999 0.28225353124999997 0.7602177718750001 0.274862240625 0.7529807390625 0.26577457187500003 0.7426743859375 0.278341978125 0.79681424375 0.28151730937499997 0.8002132015625 0.2834881125 0.8025156750000001 0.2863355109375 0.8045994953125 0.2868787484375 0.8046875 0.2915854046875 0.8046875 0.29586826875 0.8036196609375 0.40227764062500004 0.7673104640624999 0.403125 0.7619521046875 0.403125 0.74825735625 0.3988949046875 0.7444064484374999 0.398734290625 0.7381604125
0 0.39802313906250003 0.7828125 0.4 0.7828125 0.4 0.7776234875 0.39802313906250003 0.7828125
0 0 0.8262759265625 0.0428462546875 0.834375 0.0519473984375 0.834375 0.06875 0.7824184765625 0.06875 0.7772121734375 0.0154498359375 0.7588828265625 0 0.7948766015625 0 0.8262759265625
0 0.1405674796875 0.751246159375 0.14278650937499998 0.7609375 0.14329215312500002 0.7609375 0.1465163640625 0.7569553578125 0.1484375 0.7549234625000001 0.1484375 0.75 0.1476203859375 0.75 0.1405674796875 0.7506625625 0.1405674796875 0.751246159375
0 0.1261386859375 0.7625 0.12706227187500002 0.7625 0.1296875 0.7606381984375 0.1296875 0.7517920375 0.1258624890625 0.7559987031250001 0.1261386859375 0.7625
0 0.6298709078125 0.7553498609375 0.5486384906249999 0.760875234375 0.5486384906249999 0.7621073015625 0.5723024546875 0.8734375 0.57447285 0.8734375 0.6549572640625 0.84078054375 0.6796875 0.8044115734374999 0.6796875 0.803270640625 0.6376779828125 0.785561346875 0.6298709078125 0.7553498609375
0 0.6392331484375 0.7675852828124999 0.646797225 0.7906258359375 0.6939979453125 0.803125 0.695875934375 0.803125 0.703125 0.8002107281249999 0.703125 0.7958691984375 0.6913884625 0.75974785 0.6392331484375 0.7675852828124999
0 0.6824927796875 0.8146938718750001 0.6751226124999999 0.8195399609375 0.6585475796875 0.8574335015625 0.7078125 0.8763421390625 0.7078125 0.8727318531250001 0.6848470859375 0.814558196875 0.6824927796875 0.8146938718750001
0 0.7457685578125 0.7365271328125 0.7451985921875 0.7297589859375 0.7053284343749999 0.7751903359375001 0.7041593359375 0.8078125 0.7146230921875001 0.8078125 0.746875 0.8038554171875001 0.746875 0.748350584375 0.74638583125 0.7460056359375 0.7457685578125 0.7365271328125