0 0.08255066718750001 1 0.06899836875000001 0.8599210609375 0.0019896546875 0.8768636984375 0.00123675 0.8881588421875 0.0080129125 0.9920738328125 0 1 0.08255066718750001 1
0 0.7917889203125 0.9852967156249999 0.772213365625 0.9751311171875001 0.759413971875 0.9819082343750001 0.7518848796875 0.9694836234374999 0.74962619375 0.9638360515625 0.7473675078124999 0.8147406437500001 0.7067105359375 0.8169996562499999 0.705957709375 0.905101478125 0.6991814453125 0.89945390625 0.6517483125 0.8576620484375 0.5508588140625 0.872345671875 0.5508588140625 0.746969940625 0.5508588140625 0.7322863171875 0.5802221484375 0.7187322 0.4913791140625 0.7277682515625 0.47255643750000004 0.7266387453125 0.4544866890625 0.711955121875 0.44996926562499995 0.7142141343749999 0.4356640109375 0.7187322 0.434158203125 0.7266387453125 0.4206058796875 0.731156809375 0.41232390937499996 0.7356748359374999 0.41157097968749995 0.757135615625 0.410065171875 0.7729487078124999 0.407806434375 0.7910209671875 0.407806434375 0.826035709375 0.404041940625 0.84184895625 0.3919954765625 0.8497554640624999 0.28282395781249997 0.855403034375 0.267765825 0.855403034375 0.2549663796875 0.85879159375 0.245178603125 0.8542734890625001 0.2376495625 0.8271652546875 0.23539077343749998 0.7424519140625 0.22861461093750002 0.7492289921874999 0.220332640625 0.7503584984375 0.21280360156250003 0.7413224078125 0.153323953125 0.7458405109374999 0.15181814531249999 0.75600603125 0.1412774375 0.7661716296875001 0.135254153125 0.7503584984375 0.1322425890625 0.754876525 0.1307367296875 0.7661716296875001 0.12245475937500001 0.7650421234375 0.125466375 0.7503584984375 0.12170182968750001 0.7514880828125 0.11567859843749999 0.761653603125 0.10513789062500001 0.760524096875 0.0945971828125 0.761653603125 0.11611713593749999 0.99988708125 0.82341104375 0.9999804953125 0.8181407406250001 0.9909442875 0.7917889203125 0.9852967156249999
0 0.253460571875 0.8407193328125 0.2700245109375 0.842978346875 0.3867250703125 0.8350718390624999 0.399524515625 0.8339422937500001 0.4032890625 0.8192587484375 0.4032890625 0.8147406437500001 0.40178320312500004 0.795538915625 0.3618791609375 0.8000569421874999 0.32197506875 0.8011864875000001 0.2896000671875 0.8023160328125 0.2752949171875 0.8023160328125 0.2647541578125 0.7887618765625 0.2670128953125 0.731156809375 0.2459314796875 0.7345454078125 0.2436727421875 0.806834059375 0.24442567187500003 0.8271652546875 0.253460571875 0.8407193328125
0 0.27720418593749996 0.7908515781250001 0.2803663984375 0.7922070328124999 0.28669082343749996 0.7922070328124999 0.398723371875 0.78271913125 0.401885615625 0.775264365625 0.40459603906249997 0.7650987359375 0.40098209999999995 0.7596771046875 0.4023373109375 0.753577746875 0.40278906875000003 0.7461229796875 0.40504779687500003 0.7413790296875 0.38833324999999996 0.7434121640625 0.39375415937499997 0.7650987359375 0.390591978125 0.764421103125 0.387429796875 0.745445253125 0.38155706718750004 0.745445253125 0.387429796875 0.7786528609375 0.38562276406249996 0.7786528609375 0.37884664375 0.7461229796875 0.3038570953125 0.7650987359375 0.2979844296875 0.7623879203125 0.2948222171875 0.763743328125 0.2948222171875 0.7684872796875 0.2903047921875 0.7874630828125 0.2875943078125 0.788140809375 0.2925634890625 0.7650987359375 0.288046065625 0.7603547859375 0.28398036875 0.7468006609375 0.278559428125 0.7379904859375 0.272235034375 0.72579176875 0.27133151875 0.7813637703125 0.273590246875 0.785429946875 0.2749454890625 0.788140809375 0.27720418593749996 0.7908515781250001
0 0.3979223140625 0.78438346875 0.40278906875000003 0.78271913125 0.4023373109375 0.7739089578125 0.3979223140625 0.78438346875
0 0.00028505625 0.7684872796875 0 0.8392615171875001 0.063529225 0.8254146890625 0.0581083 0.764421103125 0.00028505625 0.7684872796875
0 0.150264121875 0.7501892031249999 0.14080849374999999 0.7500846875 0.14213269687500002 0.761032559375 0.14619839375000002 0.7569662890625 0.14936060625 0.7542554734375 0.150264121875 0.7501892031249999
0 0.1301377609375 0.748560296875 0.1263216671875 0.7562885625 0.12858039375000002 0.7630656484375 0.1312908484375 0.7596771046875 0.1301377609375 0.748560296875
0 0.6413899078124999 0.789496171875 0.6400347578125001 0.7583216968750001 0.5591725125 0.7468006609375 0.5591725125 0.8626885218749999 0.6468108781249999 0.8471012609375 0.67933639375 0.815926740625 0.6413899078124999 0.789496171875
0 0.6974062140624999 0.767131871875 0.6453816640625 0.758468834375 0.6454556046875 0.78271913125 0.68746785 0.8098273828125 0.6974062140624999 0.8091496546875 0.6974062140624999 0.767131871875
0 0.6946957281249999 0.817959875 0.6861125765625 0.8199929640624999 0.6575767859375 0.8499322484375 0.6987614875 0.8857305015625 0.6969544562500001 0.8186376031249999 0.6946957281249999 0.817959875
0 0.747549790625 0.7468006609375 0.7470980328125 0.737312828125 0.746646275 0.730535765625 0.705989303125 0.775264365625 0.704182334375 0.8091496546875 0.749356759375 0.8044057499999999 0.74845330625 0.7515446109374999 0.747549790625 0.7468006609375