0 0.055203615625 1 0.09375 0.8775525468750001 0.09375 0.8766333562499999 0.0257240359375 0.866089509375 0.0206176203125 0.8761925609375 0.000091965625 0.9349061203125 0.000091965625 0.988979740625 0.0260540703125 1 0.055203615625 1
0 0.6973683703125 0.9343600546875 0.6913308812500001 0.9279287609375 0.649344453125 0.8806677671875001 0.5474174875 0.88294660625 0.56269694375 0.7585054062500001 0.5644864296875001 0.7439312328125001 0.595282725 0.7340566359375 0.50600069375 0.7321980921875 0.48745597187499995 0.7287830984375 0.47131039531249996 0.712006775 0.466551340625 0.7136984140625 0.4518021015625 0.71643943125 0.4493439515625 0.7241035296875 0.43534203125 0.7269363046875 0.4265711859375 0.7304113359375 0.42320845625 0.7516203906250001 0.4197867421875 0.767132103125 0.41534238593749995 0.784794384375 0.4110751625 0.81954813125 0.4054115796875 0.8347847312500001 0.39249134531249996 0.8411642125000001 0.28344531093750003 0.833465025 0.26849941875 0.8316298984375001 0.2553824171875 0.8334333421875 0.2462182140625 0.8277560828125001 0.24204895624999997 0.7999323515625 0.25013096562500003 0.7155751734375 0.2425793921875 0.7214759296875 0.2342215015625 0.7215876984375 0.22784980625 0.711701403125 0.168262890625 0.7089370828125 0.16552944375 0.7188433187500001 0.153828428125 0.7276485562499999 0.149777178125 0.7112192390625001 0.146237453125 0.715336571875 0.14336628906249999 0.7263639671875 0.135283703125 0.7242335609375 0.14006235625000002 0.710026409375 0.136188209375 0.7106887921875 0.12897100781249998 0.7200444921875 0.118646521875 0.717638815625 0.1080467296875 0.7174753140625 0.1003729203125 0.9565556578125 0.441101115625 0.9984375 0.7336746234375 0.9984375 0.7335534109374999 0.9979786796875001 0.7484375 0.8594388546875 0.7484375 0.8496496234375 0.7088524953124999 0.8470066765625001 0.6973683703125 0.9343600546875
0 0.24726654843749998 0.81874071875 0.2511907078125 0.83870381875 0.26160967031250004 0.85 0.280337865625 0.85 0.392975028125 0.8242525296875 0.405440190625 0.8211346140625 0.40625 0.8125351937499999 0.40625 0.8021828671875 0.4061545890625 0.801580465625 0.4016634578125 0.7828507109375 0.3629574765625 0.7935554812500001 0.32372136875 0.8009134937500001 0.2919216578125 0.8070936984375001 0.277792628125 0.80933151875 0.2652613046875 0.7975931734375 0.2585141 0.740625 0.2576226234375 0.740625 0.23818904062500001 0.746988715625 0.24726654843749998 0.81874071875
0 0.3925854921875 0.769547428125 0.389494403125 0.768596771875 0.387998109375 0.7494175281250001 0.3821477265625 0.7489056859375001 0.38510387343749997 0.7824987703125 0.38330371875 0.782341278125 0.37938855 0.7493446046875001 0.3030305109375 0.7617123828125 0.29741645625 0.7585000453124999 0.294148146875 0.7595746906249999 0.2937346828125 0.764300590625 0.287580596875 0.782810465625 0.2848213609375 0.7832493781250001 0.2917798828125 0.7607280796875 0.2876931109375 0.7556084625 0.28482420625 0.741751565625 0.28019175 0.7325024499999999 0.2751709828125 0.7203237890625 0.2749000828125 0.7203237890625 0.2692111140625 0.7750807328125 0.27110685625 0.7793282968749999 0.27222067499999997 0.7821469609375 0.27423451718749997 0.7850442734375 0.2772665609375 0.786670175 0.2835669203125 0.787221384375 0.3838144625 0.7875 0.3960180734375 0.7875 0.3998000109375 0.7803830781250001 0.40338611406249997 0.770492359375 0.400258453125 0.764776384375 0.4021401 0.7588183500000001 0.4032398640625 0.751431325 0.4046875 0.7489698437500001 0.4046875 0.7469433750000001 0.38907532031250003 0.7474709171875 0.3925854921875 0.769547428125
0 0.396810509375 0.7828125 0.40139319218749997 0.7828125 0.4015625 0.7818586062499999 0.4015625 0.776039709375 0.396810509375 0.782615103125 0.396810509375 0.7828125
0 0 0.8281253109375 0.039875415625 0.8328125 0.0540642171875 0.8328125 0.0671875 0.7798672671875 0.0671875 0.7746747578125001 0.0123977359375 0.76001690625 0 0.7955568937499999 0 0.8281253109375
0 0.1442672140625 0.7609375 0.1454112609375 0.7609375 0.147358321875 0.7569447171875 0.1484375 0.755104940625 0.1484375 0.7493986609375 0.140021640625 0.7521928156250001 0.1442672140625 0.7609375
0 0.1259749265625 0.75666419375 0.1274768515625 0.7625 0.128125 0.7625 0.128125 0.7529817484375 0.1259749265625 0.75666419375
0 0.6344668234374999 0.7562044484375 0.5528032515625 0.75462391875 0.566624321875 0.8671875 0.5749317140625 0.8671875 0.6520119421875 0.8434964624999999 0.6796875 0.80958099375 0.6796875 0.8081632328125 0.639611084375 0.786981403125 0.6344668234374999 0.7562044484375
0 0.6397702468750001 0.7670650375 0.6461181078125 0.7904698890625 0.69031599375 0.8046875 0.69690824375 0.8046875 0.7 0.8036288859375 0.7 0.790838109375 0.6922642609375 0.7619679453125 0.6397702468750001 0.7670650375
0 0.6873506265625 0.8151342140625 0.679377740625 0.8189074140624999 0.6576902515625 0.8541253765624999 0.703125 0.8793077546875001 0.703125 0.8710595124999999 0.689700903125 0.815327515625 0.6873506265625 0.8151342140625
0 0.6940541171875 0.7986105625000001 0.6940541171875 0.8000327734375 0.734058084375 0.8078125 0.738385790625 0.8078125 0.7527480328125 0.7577941109374999 0.75327099375 0.7529932875 0.7556129484375 0.743787946875 0.75625 0.7410689421875001 0.75625 0.737717290625 0.7052045203125 0.7680621515625 0.6940541171875 0.7986105625000001