0 0 0.8901594703125 0.0396374015625 0.8947114015625001 0.08227314375 0.896876434375 0.0885042390625 0.8984375 0.0914689296875 0.8984375 0.0984375 0.8528580765625 0.0984375 0.848041125 0.0053350765625 0.8382049109375 0 0.864052709375 0 0.8901594703125
0 0.1185693203125 0.733585090625 0.11354982656249998 0.734930059375 0.11351878906249999 0.7334757625 0.10005805000000001 0.73811955625 0.1036432359375 0.7541766921875 0.1015600640625 0.7557718859375 0.096615934375 0.7560596515625 0.093700009375 0.7398231875 0.05127691875 0.750153421875 0.0520997328125 0.7639325921875 0.046962560937499995 0.7715311546875 0.03759280625 0.7740417734375 0.0312347921875 0.7757453984375 0.020731479687500002 0.7780412515624999 0.0111208296875 0.7609132125 0.00022281875000000002 0.7639720999999999 0.00022281875000000002 0.8576850171875 0.0768647234375 0.8309246343750001 0.0962192640625 0.824183103125 0.1250400484375 0.81127555625 0.12674630781250001 0.8149663625000001 0.12402695625 0.8208800734375 0.099304190625 0.8334190234375001 0.11863969999999999 0.8891179093750001 0.1295107328125 0.8908715656249999 0.13725238281250002 0.8996858203125001 0.14758658593750001 0.9181755062500001 0.1545744375 0.9375618640625 0.155816471875 0.9408586234375 0.1438717984375 0.972577 0.14836626875 0.990625 0.15185103125 0.990625 0.1953125 0.9785040031250001 0.1953125 0.9758228640625 0.192221790625 0.9642881765625001 0.18593914218750002 0.9649346062499999 0.1824934625 0.9534137296875 0.18981949843749998 0.9312289984375001 0.1860842609375 0.9306743296875 0.1782208015625 0.780859203125 0.17072922968749998 0.7823480640625 0.1432306125 0.7265625 0.14319495468750001 0.7265625 0.12106462343749999 0.7335278828125 0.1185693203125 0.733585090625
0 0.2334425234375 0.8230657609375 0.23575927187499998 0.8320286984375 0.2312266765625 0.8323560249999999 0.2294056109375 0.8249578984375001 0.196402440625 0.830542484375 0.196782253125 0.835452146875 0.2035175828125 0.8720728546875 0.20280232968749998 0.8733193390625 0.20540591875 0.8916397765624999 0.2034217828125 0.8942403390625 0.2011844484375 0.8935677906249999 0.1977100328125 0.8756934859375001 0.1966317796875 0.8750724875 0.1942052453125 0.8675151953125001 0.189582753125 0.94375 0.1907532796875 0.94375 0.216241753125 0.889256646875 0.259375 0.880064009375 0.259375 0.87361288125 0.2493874515625 0.8213506828125 0.2334425234375 0.8230657609375
0 0.1976327140625 0.9984375 0.2140625 0.9930967140625 0.2140625 0.9876277312499999 0.1778866921875 0.9984375 0.1976327140625 0.9984375
0 0.449733028125 1 0.6640625 0.9505181437499999 0.6640625 0.9427739171875 0.42006700468749997 1 0.449733028125 1
0 0.6786546140625 0.9984375 0.6945612015625 0.9984375 0.703125 0.9952406703125 0.703125 0.992868428125 0.7014470390625 0.9896883078125001 0.6786546140625 0.9984375
0 0.2727678515625 0.8587332953125 0.278628865625 0.859825846875 0.28652396874999997 0.860824175 0.2932319609375 0.8613062015624999 0.302558059375 0.8606802312499999 0.30961638125 0.8603620390625 0.3164482 0.8587950265625001 0.32301138749999997 0.8580548015625 0.3282203203125 0.85870265 0.3323968546875 0.8605820046874999 0.3341421953125 0.8627160515625001 0.3354654078125 0.8661493078125 0.335012228125 0.8722698546875 0.3335155546875 0.8768761406250001 0.3301669296875 0.886626178125 0.32736921875 0.8932907218749999 0.3418577765625 0.8984375 0.349493378125 0.8984375 0.3625 0.842667346875 0.3625 0.8407275828125 0.288514071875 0.8177268109375 0.2727678515625 0.8587332953125
0 0.369813978125 0.82489098125 0.37141562031249997 0.8874517171875 0.37582054375 0.8875 0.4885405984375 0.8875 0.4886489390625 0.8715969125 0.5390625 0.8727372750000001 0.5390625 0.8297356921875 0.3764409890625 0.82489098125 0.369813978125 0.82489098125
0 0.76456474375 0.7430070578125 0.7673694453125 0.76071525 0.760843396875 0.7614819296875 0.7587028328125001 0.7444693906250001 0.7491970109375 0.746241909375 0.7494705749999999 0.749135 0.7444419921875001 0.7488636609375 0.74339149375 0.74689446875 0.673085503125 0.7572289984375 0.6930180734375 0.8854100671875 0.691906984375 0.8877216000000001 0.6946140390625 0.9059791531249999 0.69045593125 0.9063707875 0.6869608796875 0.8879710968750001 0.6858539859375 0.8868116687500001 0.6782866734375 0.8436969718749999 0.6589299171875 0.8462288921875001 0.660178225 0.8564421140625 0.6562414859375 0.8570656328125 0.654951825 0.8479267453125001 0.587993584375 0.8578219468749999 0.5946257546875 0.8987668046874999 0.6334369328125 0.8931536171875001 0.6445126109375 0.9106195984375001 0.68410073125 0.9040825124999999 0.73309761875 0.9791013468750001 0.7352533218749999 0.99504368125 0.728952865625 0.9925712671875001 0.7303392484375 0.9984375 0.799889678125 0.9984375 0.8110291484375001 0.9966562921875 0.8091663578125001 0.9790658765625 0.78371199375 0.9489281796875 0.781517559375 0.9420681828124999 0.7790663640625 0.91843114375 0.7804156984375 0.9024675421874999 0.784180790625 0.8935958390625001 0.7918634109375 0.8873070359374999 0.7981007265625 0.8847174546875 0.791060365625 0.829773615625 0.764799634375 0.82485670625 0.761685153125 0.8226805171875 0.7598316171875 0.8203046171875 0.7599848953125 0.81660904375 0.7636851984375 0.8154890734375 0.7813340765625 0.816164084375 0.8797088343749999 0.808858425 0.9578125 0.8020409953125001 0.9578125 0.781253840625 0.8490473218749999 0.7296263328125 0.76456474375 0.7430070578125
0 0.809375 0.8639027828125 0.809375 0.8639194359375001 0.8262932718749999 0.8698171046875001 0.8538939640625 0.8788504625 0.8818009984374999 0.8909684921875 0.9069353921875001 0.8993409828125 0.9361215671875 0.9087991703125 0.9528768953125001 0.915625 0.955412384375 0.915625 0.9546076921875001 0.9123877078125 0.954290240625 0.907935253125 0.967475134375 0.8735264671875 0.9703125 0.8670332890625 0.9703125 0.86550596875 0.8245245499999999 0.8148707843749999 0.809375 0.8639027828125
0 0.3303318703125 0.8057491656250001 0.3337525578125 0.80625 0.353125 0.80625 0.353125 0.8028682359375001 0.3303318703125 0.8057491656250001
0 0.43910614375 0.7671212203125 0.44107776249999997 0.7797713265625 0.43306583749999994 0.779919690625 0.43113880312499997 0.7637383796874999 0.4296349734375 0.762269428125 0.410710425 0.7789813453125001 0.39762644687500004 0.7931489484375 0.382150028125 0.81130413125 0.382253084375 0.8125 0.3973647078125 0.8125 0.407058975 0.8103371046875001 0.4640625 0.8006523140624999 0.4640625 0.7977359859375001 0.46388549843750004 0.7968253921875 0.43910614375 0.7671212203125
0 0.4659602625 0.7689643015625001 0.46519362500000006 0.7730701984375 0.467410775 0.775651621875 0.46557172031249994 0.7779493953125 0.471073240625 0.7918524796875 0.47075554375 0.8066590328125001 0.513438396875 0.809375 0.5137221515625 0.809375 0.513581878125 0.8079967359375001 0.5120323046874999 0.8061552578125 0.5107936468750001 0.8032956296875 0.5096514875 0.7990562625 0.5101554203124999 0.795278621875 0.5134984218749999 0.7920461390625 0.5140625 0.7905028656249999 0.5140625 0.7874970125 0.500884559375 0.780418709375 0.48118243906249997 0.770721996875 0.4626370921875 0.7640625 0.46195526249999996 0.7640625 0.46164394687500004 0.7655428546875 0.4659602625 0.7689643015625001
0 0.3657640953125 0.744123503125 0.3737803140625 0.7483798953125 0.37558829843749997 0.7505239718750001 0.375311590625 0.7539826859375001 0.37513424687499997 0.757042853125 0.3753543703125 0.7578125 0.3759378671875 0.7578125 0.39251930156250003 0.7534753671875001 0.405433621875 0.7521798140625 0.418215459375 0.751415659375 0.43198570312499995 0.7521679078125 0.4328125 0.75151938125 0.4328125 0.7505439046875 0.3687591 0.7348515625 0.3657640953125 0.744123503125
0 0.6188811671875001 0.753271909375 0.615657809375 0.7687012328125 0.6119049125 0.7677848109375 0.6134148140625 0.7519230984374999 0.6124121015624999 0.7519252953125 0.6120886984375 0.7539671828125 0.6082271671874999 0.7530335546875 0.6079235656249999 0.7507313484375 0.5994582515625 0.7500346140625 0.5982219796875 0.7641685796875 0.5976041140625 0.764553740625 0.59602416875 0.76398148125 0.596181834375 0.751608790625 0.59473794375 0.7529901890625 0.5940520609375 0.7523985265625 0.594673990625 0.7484718140625 0.4517602703125 0.7255589734375001 0.4647716796875 0.7319225265625 0.47535613593750004 0.7368191093750001 0.49126682656250004 0.74465240625 0.522126228125 0.7693441109375 0.5200456859375 0.7831833421875001 0.517990525 0.7835018703125 0.5169837562499999 0.7870456171875 0.5197639140625 0.79199419375 0.5189221468749999 0.793792965625 0.518725665625 0.7971430359375 0.5164989046875 0.8006545546874999 0.5124881 0.800663346875 0.512313959375 0.8017628203125 0.53508921875 0.80633611875 0.535462378125 0.8039800874999999 0.5372911046875 0.8029816750000001 0.53934625625 0.8026631375 0.5811505 0.80944528125 0.5828731078125 0.8105231546875 0.5835366703125 0.8133654015625 0.6453340578125 0.8234375 0.65372054375 0.8234375 0.6625 0.7655092109375 0.6625 0.75936870625 0.6197690265625 0.752285478125 0.6188811671875001 0.753271909375
0 0.669036315625 0.8078125 0.674288159375 0.8078125 0.678125 0.805904128125 0.678125 0.8052709218749999 0.66437455 0.7946411796875 0.669036315625 0.8078125
0 0.6679578187499999 0.7433707187499999 0.667695159375 0.743336359375 0.66697146875 0.7685348750000001 0.6827878843749999 0.796875 0.6828125 0.796875 0.6828125 0.74375255 0.6679578187499999 0.7433707187499999
0 0.545001615625 0.82866813125 0.54039915 0.8292572609375 0.548430334375 0.8703125 0.5515625 0.8703125 0.5515625 0.85577781875 0.545001615625 0.82866813125
0 0.5535514125 0.8245445703125001 0.5469293578125 0.8671467734375 0.5763609749999999 0.871875 0.5826852812500001 0.871875 0.590625 0.83341455 0.590625 0.8315111156249999 0.5817311000000001 0.829782315625 0.5535514125 0.8245445703125001