0 0.09667943749999999 0.8900094953125001 0.0946008015625 0.8384231859375 0.00060605 0.8465955984375 0 0.8990245796874999 0.0450600921875 0.8955187125 0.087325603125 0.8895086843750001 0.09667943749999999 0.8900094953125001
0 0 0.8325028671875 0.08767202187499999 0.825991984375 0.108111909375 0.8244894890625 0.13929136875 0.8194811234375001 0.1399842375 0.8234877812500001 0.1358269640625 0.8284961671875 0.10870128750000001 0.8342091406250001 0.112962021875 0.8930145312500001 0.12300875468750001 0.8975220625 0.1282053171875 0.908039665625 0.1334019078125 0.92857401875 0.1351340953125 0.9491083921874999 0.1354805453125 0.9526142796875 0.11573355625 0.98016036875 0.11538710781249999 0.9996930140625 0.1645813671875 0.9991921828124999 0.1645813671875 0.9846678796875 0.1583454875 0.9836662140625 0.15799903906249999 0.9716460937500001 0.1708172765625 0.95211340625 0.1673528734375 0.9506108875000001 0.1985323625 0.8038653734375 0.1909107140625 0.8033645421875001 0.1787853453125 0.7423520359375 0.15557398125 0.7433537218749999 0.153148896875 0.7427631484375 0.147952334375 0.7427631484375 0.1482987546875 0.7413503718750001 0.1340947765625 0.7423520359375 0.1334019078125 0.758789953125 0.1309768515625 0.759791628125 0.12612670937499998 0.758789953125 0.1275124484375 0.7423520359375 0.08386122812499999 0.7413503718750001 0.08108969375 0.7548729890625 0.0741609140625 0.7608830390625 0.06446063125 0.7608830390625 0.057878329687499994 0.7608830390625 0.0471386984375 0.76038220625 0.0422885859375 0.7413503718750001 0 0.741851203125 0 0.8325028671875
0 0.26062979999999997 0.8288184624999999 0.244650571875 0.8274595953125001 0.245214546875 0.8366999140625 0.24070276875 0.8361563671875001 0.240326790625 0.8285466890625001 0.20686439375000001 0.82773136875 0.2063004203125 0.8326232984375 0.2059244421875 0.8698563421875001 0.20498449062500002 0.8709434484375 0.2040445390625 0.8894240765625 0.20160064531250002 0.8915982671875 0.1995327453125 0.890511171875 0.1995327453125 0.8723023203125001 0.19859279375 0.871486990625 0.1976528421875 0.8636055421875 0.1778492203125 0.9403468734375 0.2151360109375 0.88915230625 0.26044181875 0.8883369812499999 0.26062979999999997 0.8288184624999999
0 0.1718248546875 0.9934620375 0.17164763593750001 0.9997189796875 0.2175066640625 0.999712859375 0.2175066640625 0.9945491328125 0.1718248546875 0.9934620375
0 0.671582103125 1 0.6720201984374999 0.9924496984375001 0.22502629375 0.994005590625 0.2251363015625 1 0.671582103125 1
0 0.67799216875 0.9942047765625001 0.6772294296875 0.9997581078125 0.7033976609375 1 0.70270478125 0.9942047765625001 0.67799216875 0.9942047765625001
0 0.2956441140625 0.868945946875 0.304320325 0.865468690625 0.3109348625 0.86298493125 0.316948075 0.8593834656249999 0.3229612953125 0.856651334375 0.32811548125 0.855657825 0.332668353125 0.8561545765625 0.334987728125 0.8576448375 0.3373071109375 0.8605011609375 0.33876746562500004 0.8664621875 0.33876746562500004 0.871305525 0.3385956609375 0.8816131421875 0.3379943359375 0.888816040625 0.3608445640625 0.8894369796875001 0.355604475 0.827963884375 0.2776903625 0.8289573906250001 0.27538651875000003 0.872822725 0.281298290625 0.87205065 0.28911548125 0.8705603953125 0.2956441140625 0.868945946875
0 0.539338125 0.871454990625 0.5397028625 0.8284782953125 0.3686315515625 0.8263690125 0.371333290625 0.8890897265625 0.48845441875000006 0.8883292921875 0.48827204999999996 0.8711913328125 0.539338125 0.871454990625
0 0.6811276265624999 0.8885929390625 0.71778575 0.97035296875 0.71742098125 0.986436253125 0.711584865625 0.9830086703124999 0.712861525 1 0.7920116140625 0.9998829609375001 0.7929235046875001 0.9822177078125 0.7724971 0.9484691156249999 0.7714028234375 0.9413502921875001 0.7726794531250001 0.9176208125 0.7765094328125 0.9020648328125 0.7816160109375 0.8938913453125 0.79018783125 0.8888817937500001 0.7967534546875 0.887299825 0.7983948828125 0.8319310812499999 0.7732266375 0.8229666234374999 0.7704909328125 0.820330015625 0.7690318890625 0.8176934093750001 0.7697613953125 0.8140673125 0.7735913437499999 0.8135399859374999 0.7909173390625 0.8169675796875 0.8892237984375001 0.8251410671875 0.9681775359374999 0.8306779343749999 0.97109559375 0.8103760609374999 0.8713344093750001 0.7420879359375 0.7857987453125 0.7420879359375 0.7857987453125 0.7600168625 0.7792331078125 0.7597532046875 0.7797802453125 0.7426152593750001 0.7701141734375 0.7428789171875 0.7699317890625 0.745779184375 0.7650075640625 0.7447245421875001 0.7642780484375 0.7426152593750001 0.6932209640625 0.741824275 0.6928561953125 0.8715453625 0.6913971812499999 0.8736546234375 0.691214796875 0.892110871875 0.6870466171875 0.8918472140624999 0.6864729421875 0.8731273078124999 0.68556105 0.871808996875 0.6848315281249999 0.828041325 0.66531700625 0.827514009375 0.6649522453125 0.83779676875 0.6609664343749999 0.83779676875 0.6611222890625 0.82856865 0.5934404640625 0.8278674484374999 0.5935857953125 0.8693457062500001 0.6327972390625 0.8698730328125001 0.641004275 0.888856596875 0.6811276265624999 0.8885929390625
0 0.888061121875 0.892344146875 0.9145060421875 0.8939260921875001 0.94514568125 0.8955080609375001 0.9661192406250001 0.8981446703125 0.9639306890625001 0.8941897609374999 0.962471675 0.8899711828125 0.9663016546875 0.8533223453125001 0.9675782843749999 0.8448852 0.8130407859375 0.833663640625 0.8110972625 0.88496163125 0.82897039375 0.88627993125 0.8579686203125 0.8878619000000001 0.888061121875 0.892344146875
0 0.3301688625 0.8077871625 0.353233159375 0.8075173156250001 0.35251560937500004 0.8012932734374999 0.3301688625 0.8077871625
0 0.4606262390625 0.8047510859375 0.44196997343750005 0.770864540625 0.44149161406250004 0.78365843125 0.43359858124999995 0.7822753234375 0.43479449218750005 0.7660236125 0.43359858124999995 0.7642947062500001 0.4118329453125 0.7770886046875 0.3962860515625 0.7884993671875 0.37762980625 0.8033679484375 0.3771514265625 0.8078630921875 0.4022656234375 0.8071715390625 0.4606262390625 0.8085546609375 0.4606262390625 0.8047510859375
0 0.5130072828125 0.80440529375 0.5115721625 0.8016390359375001 0.5101370625 0.79748966875 0.510376253125 0.793686078125 0.5134856234375 0.7902282734375 0.514681534375 0.7860788999999999 0.5000914 0.779509065625 0.47976086406249996 0.771210325 0.46014785937499997 0.7656778359375 0.45990868906250004 0.767406734375 0.464453159375 0.77051875625 0.4639748 0.7746681296875 0.4663666203125 0.7770886046875 0.4646923296875 0.779509065625 0.47115028125 0.7929945171874999 0.4718662109375 0.8077871625 0.5149207234375 0.8075173156250001 0.514681534375 0.80613419375 0.5130072828125 0.80440529375
0 0.3766162296875 0.75966209375 0.3771844765625 0.7626742640625 0.3776580140625 0.7634957546875001 0.3931900671875 0.7550069234375 0.4054073546875 0.750625596875 0.41762465000000004 0.746791934375 0.4311678453125 0.7441905140625 0.43202022500000004 0.7430951828125 0.43258845625 0.7424105953125 0.36563013906249997 0.7426844375 0.36496718437500003 0.7524055203125 0.373775 0.7545961796875 0.37604798125 0.7562391765625 0.3766162296875 0.75966209375
0 0.487030590625 0.754755153125 0.5213726953125 0.7743153875 0.5214827 0.788309703125 0.5195026703125001 0.7889458078125 0.5190626609375 0.79260341875 0.5225827187500001 0.7970561578125 0.5220327046875 0.798964465625 0.5223627093750001 0.8023040265624999 0.5207126859375 0.8061206546875 0.5167526359375 0.8067567671875 0.5167526359375 0.8078699453124999 0.539962915625 0.8088241046875 0.539962915625 0.8064387046875 0.541612940625 0.8051665078125 0.5435929609375 0.8045303968749999 0.5859434859375 0.804689415625 0.5878135015625 0.8054845437499999 0.5889135203125 0.80818799375 0.65981793125 0.8085060421874999 0.65937793125 0.7425101187500001 0.6151447906249999 0.7421920765625 0.614422175 0.7433052546875001 0.6136521796875 0.7590488609375 0.6098021265625 0.7587308046875 0.6088121203125 0.742828175 0.607822096875 0.7429872046875 0.607822096875 0.74505454375 0.60386205625 0.7447364875 0.603202046875 0.7425101187500001 0.5947319625 0.7431462296875 0.59572195 0.757299578125 0.59517194375 0.7577766515625 0.5935219296875001 0.7574585953125 0.5917421390625 0.74521356875 0.5905321234375001 0.746803834375 0.5897621281250001 0.746326753125 0.5897621281250001 0.74235109375 0.4450235546875 0.742076978125 0.4588702515625 0.746326753125 0.4700903890625 0.7495072765625 0.487030590625 0.754755153125
0 0.666715984375 0.8089467171875 0.6765011234375 0.808014015625 0.6671460953125 0.7926242484375 0.666715984375 0.8089467171875
0 0.667038571875 0.7427241109375 0.6667748718750001 0.7426989390625 0.6669310390625001 0.7679073609375 0.68488838125 0.7975987171875001 0.6839206265625 0.7425686609375 0.667038571875 0.7427241109375
0 0.549248978125 0.82867498125 0.5446246 0.8282943312500001 0.5439315421875001 0.8709141718750001 0.5504454937500001 0.8713850296875 0.549248978125 0.82867498125
0 0.5870864265625 0.8280665765625 0.57764120625 0.8280665765625 0.5489798515625 0.8283020015625 0.550608346875 0.8713850296875 0.586597878125 0.8702078953125 0.5870864265625 0.8280665765625