0 0 0.8854456296875 0.0371785265625 0.8937227109375 0.0793543984375 0.9003325312499999 0.0869997546875 0.903125 0.088263546875 0.903125 0.1 0.858364603125 0.1 0.8533403875 0.008970648437500001 0.8339402 0 0.8621129828124999 0 0.8854456296875
0 0.1951999796875 0.9552815125 0.190568915625 0.9441839203125 0.1955358828125 0.9213549390625 0.1917631296875 0.9211937484374999 0.1682828 0.7730212796875 0.1609878953125 0.7752850671875 0.1278029640625 0.7226703296875 0.106492259375 0.73192369375 0.10401660625 0.7322414171875 0.0991651953125 0.7341037 0.0989823140625 0.7326606124999999 0.086080721875 0.7386859968749999 0.091324696875 0.7542804171874999 0.089419678125 0.7560846234375 0.0845327140625 0.756887615625 0.0799355890625 0.7410448921875 0.038824700000000004 0.7557529578125 0.041083321875 0.7693706375 0.036768559374999996 0.7774645546875 0.0277125640625 0.780940825 0.0215674578125 0.7832997109375001 0.011361665625 0.7866808828125 0.0001118953125 0.7707905296875001 0.0001118953125 0.86764469375 0.0727152234375 0.83340704375 0.0912590578125 0.8246793421874999 0.1185727515625 0.8088299109375001 0.1206554578125 0.8123221468749999 0.1185691546875 0.8184877109375 0.09529250156249999 0.8335422046875 0.1203442046875 0.88691485625 0.13133899375 0.887522571875 0.139959575 0.89547931875 0.1521698625 0.9127874968749999 0.16114586250000001 0.9313372265625001 0.1627256984375 0.934486096875 0.1541619296875 0.9672792749999999 0.1608383671875 0.9856387265625 0.20625 0.9676743078125 0.20625 0.9666670312500001 0.20138063750000001 0.9539819093749999 0.1951999796875 0.9552815125
0 0.2334425234375 0.8230657609375 0.23575927187499998 0.8320286984375 0.2312266765625 0.8323560249999999 0.2294056109375 0.8249578984375001 0.196402440625 0.830542484375 0.196782253125 0.835452146875 0.2035175828125 0.8720728546875 0.20280232968749998 0.8733193390625 0.20540591875 0.8916397765624999 0.2034217828125 0.8942403390625 0.2011844484375 0.8935677906249999 0.1977100328125 0.8756934859375001 0.1966317796875 0.8750724875 0.1942052453125 0.8675151953125001 0.189582753125 0.94375 0.1907532796875 0.94375 0.216241753125 0.889256646875 0.259375 0.880064009375 0.259375 0.87361288125 0.2493874515625 0.8213506828125 0.2334425234375 0.8230657609375
0 0.192641971875 1 0.2171875 0.9943297671875 0.2171875 0.9924382312500001 0.21644049999999998 0.9892026140624999 0.171875 0.99838041875 0.171875 0.9993639062499999 0.172003 1 0.192641971875 1
0 0.6717429078125 1 0.671875 0.99772349375 0.671875 0.9927788468750001 0.225168059375 0.994333740625 0.22527204531249997 1 0.6717429078125 1
0 0.7015625 1 0.7015625 0.9964494484375 0.6786648468750001 0.9928228156250001 0.677042765625 0.9981884578125 0.687833853125 1 0.7015625 1
0 0.27185836406249997 0.8396540546875 0.2799389296875 0.88125 0.28411498125 0.88125 0.285784325 0.8805944234374999 0.2930087859375 0.8772572859375 0.2989529203125 0.8741113734375 0.3065301859375 0.8686384421875 0.31234736875 0.864628259375 0.31731068906250004 0.8596790453125 0.322484328125 0.8555733390625001 0.3272450609375 0.8533624312500001 0.33178286875 0.8527429874999999 0.334393875 0.8536278734374999 0.3373353703125 0.8558382437500001 0.3401944484375 0.8612689093749999 0.3413661578125 0.8659683796875 0.34369309531250003 0.8760113796875 0.344544175 0.88125 0.3534437 0.88125 0.3640625 0.8789068703125 0.3640625 0.8691183656250001 0.34721774375000003 0.8198409296875001 0.27185836406249997 0.8396540546875
0 0.369264153125 0.8831995562499999 0.48615302656250003 0.89061093125 0.487166584375 0.8735019968750001 0.5380898734375 0.877327203125 0.5390625 0.8649307765625001 0.5390625 0.8342839484375 0.370944171875 0.8204431624999999 0.369264153125 0.8831995562499999
0 0.783599096875 1 0.8004031156250001 0.9987999765625 0.8000805203124999 0.9811141453125 0.777349690625 0.948872634375 0.7757614937499999 0.9418474874999999 0.7753797296875 0.9180867578124999 0.77811525 0.9023015046875 0.7826392359375001 0.8937917125 0.790840725 0.8881964234374999 0.7972800046875 0.8861603140625001 0.7950551046875 0.8308119453125 0.769322840625 0.8236249703125 0.7664098765625 0.8211856203125001 0.76477046875 0.8186572140624999 0.765245253125 0.8149890624999999 0.7690290875 0.8141958562499999 0.7865519734374999 0.8164065 0.88518911875 0.8177025640625001 0.9640625 0.81771835625 0.9640625 0.7962248796875 0.8615498125000001 0.7360996484375 0.7762225093749999 0.742066315625 0.77747316875 0.7599515671875 0.7709051328125 0.7601465484375 0.7702554546875 0.7430121828125 0.7606313203124999 0.7439494703125 0.7606516921875001 0.7468553953125 0.7556658953125 0.74614681875 0.754791021875 0.7440935625 0.6838518515625001 0.7482611953125 0.6925368578125 0.877691734375 0.69122853125 0.8798976312500001 0.6923340328124999 0.8983216453124999 0.688157615625 0.8983493859375 0.6862795046875 0.8797151 0.685277871875 0.878463609375 0.68149705 0.8348534437499999 0.66199328125 0.8356886765624999 0.6623466953125 0.84597183125 0.6583705937500001 0.8462498671875001 0.6578823484375 0.8370333546875001 0.59031648125 0.8410551078124999 0.593354834375 0.8824221890624999 0.6325075453125 0.8802129781250001 0.6420188171875 0.8985778062499999 0.6820260375 0.8955159281249999 0.724298153125 0.974519653125 0.7250561875 0.990589203125 0.71899519375 0.9875770765624999 0.7208068125 1 0.783599096875 1
0 0.9660517578125001 0.8726865531250001 0.9615393796875 0.8361154640624999 0.960885346875 0.8276073828125 0.8077843328125001 0.8514368046874999 0.8173737750000001 0.9015625 0.8193380546875 0.9015625 0.83514175625 0.8991211609375 0.863752625 0.8941394031250001 0.8940821437500001 0.8917374296875 0.92020514375 0.8873300171875 0.9504153562500001 0.8819790218750001 0.9703125 0.8799457078125 0.9703125 0.878571040625 0.9684223515625 0.8764688015625 0.9660517578125001 0.8726865531250001
0 0.336372309375 0.8078125 0.340450834375 0.8078125 0.353125 0.8032819 0.353125 0.8013774937499999 0.35119850625 0.7973523390625 0.336372309375 0.8078125
0 0.4447091421875 0.7780362265625 0.4407228390625 0.79020265 0.43351680468750003 0.78669750625 0.43914596718750004 0.7714049968750001 0.438472934375 0.769413428125 0.4140239859375 0.775712290625 0.3959341203125 0.7823957140625 0.37390225 0.7915459546875 0.372203371875 0.7957351046875 0.39653530625 0.8019927515624999 0.4401488578125 0.815625 0.453125 0.815625 0.453125 0.8149742546875001 0.4447091421875 0.7780362265625
0 0.5150656031249999 0.7914866468749999 0.512180621875 0.78817701875 0.5109775453125 0.7845607890624999 0.5125651859375 0.780189978125 0.5121196328125001 0.77589475 0.4961307921875 0.775268865625 0.47417188593750004 0.775190359375 0.4539145171875 0.7774078859375 0.45434041875000003 0.7791004874999999 0.45971976249999996 0.780283515625 0.4608306171875 0.7843099437500001 0.46395500156249997 0.785658178125 0.463309346875 0.7885295906249999 0.47434879375000005 0.7986138921875 0.4800354859375 0.8109375 0.48328585156250004 0.8109375 0.51875 0.796349840625 0.51875 0.794098265625 0.51743248125 0.793513871875 0.5150656031249999 0.7914866468749999
0 0.3650817875 0.7574063703125 0.37410876718749997 0.7583499 0.37658828906249997 0.75966056875 0.377627384375 0.7629710890625 0.3785248234375 0.765625 0.3805327984375 0.765625 0.39339205312500003 0.756054590625 0.40488067968749997 0.750015584375 0.41644553437500004 0.7445189125 0.42949487968750005 0.7400579609375 0.4296875 0.739722846875 0.4296875 0.7382375109375 0.3643853765625 0.7476876265625 0.3650817875 0.7574063703125
0 0.6180514140625 0.75221809375 0.615097825 0.767701321875 0.6113295046875 0.7668505375 0.6125623515624999 0.7509648890625 0.6115598328125 0.7509845859375 0.6112721140625 0.75303180625 0.607394875 0.7521657140625 0.607051140625 0.7498691562500001 0.59857495625 0.74932026875 0.59758554375 0.7634736578125 0.5969744953125 0.7638695421875 0.595384803125 0.76332494375 0.5953265125 0.7509513859375 0.5939069515625001 0.7523577734375 0.593210846875 0.7517781718750001 0.5937641499999999 0.747841203125 0.4504723109375 0.7274260390625 0.4635927984375 0.7335615437499999 0.4742611015625 0.73827265625 0.49030607656249997 0.7458270812500001 0.5215917078125 0.769976453125 0.5197530109375 0.7838498875 0.517703721875 0.784204234375 0.516758953125 0.7877650125 0.5196250515624999 0.792664315625 0.51881480625 0.7944775046875 0.5186768234375 0.7978304921875 0.516511684375 0.8013803390625001 0.5125016453125 0.8014591281250001 0.5123467203125001 0.802561471875 0.535198325 0.80673659375 0.5355303078125 0.8043744078125 0.5373413328125001 0.80334423125 0.5393906125 0.8029898765624999 0.581306853125 0.8090414000000001 0.5830480109375 0.810089046875 0.583761075 0.8129192796875 0.6454744765625 0.821875 0.6540953234375 0.821875 0.6609375 0.770717946875 0.6609375 0.7574295984375 0.6189219203125 0.7512163171874999 0.6180514140625 0.75221809375
0 0.66811361875 0.791365065625 0.6642992750000001 0.807241425 0.6692690296875 0.8078125 0.6734375 0.8078125 0.6734375 0.8065725328125 0.66811361875 0.791365065625
0 0.659375 0.7499381921875 0.6669349015625 0.7714596968749999 0.6917828 0.7921875 0.6921875 0.7921875 0.6921875 0.7898615125 0.674828515625 0.7421875 0.674136746875 0.7421875 0.659375 0.7474229015625 0.659375 0.7499381921875
0 0.5371542578125 0.8687600234374999 0.5406192796875 0.8703125 0.54348609375 0.8703125 0.5546875 0.8366305859375001 0.5546875 0.83000803125 0.5523823625000001 0.8289475140624999 0.5371542578125 0.8687600234374999
0 0.5538359125000001 0.8242948265625 0.5464713578125 0.8667749703125001 0.5750258125000001 0.871875 0.5821958265625 0.871875 0.5890625 0.841316159375 0.5890625 0.8315417843749999 0.5819198953125 0.8300235765625 0.5538359125000001 0.8242948265625